This is  c:\datamel\09300830.txt
IMS Cell Temp. =  58.500000  'C
Atmos Pressure =  750.000000  Torr
Cell  Voltage  =  3000.000000  Volts
Uo   Constant  =  53882.000000
Gas      Type  =  N2
Carrier  Flow  =  200.000000  ml/min
Drift    Flow  =  500.000000  ml/min
Start    Time  =  10.000000  msec
End      Time  =  50.000000  msec
Dwell          =  40.000000  usec for  1001.000000  Channels
#Scans         =  300.000000
Time(msec)   Data Value
 10.000000 656.000000
 10.040000 -198.000000
 10.080000 -2855.000000
 10.120000 -7094.000000
 10.160000 -5130.000000
 10.200000 -4801.000000
 10.240000 -455.000000
 10.280000 5721.000000
 10.320000 1959.000000
 10.360000 -2865.000000
 10.400000 102.000000
 10.440000 -3020.000000
 10.480000 -2918.000000
 10.520000 1923.000000
 10.560000 2161.000000
 10.600000 3372.000000
 10.640000 7898.000000
 10.680000 -331.000000
 10.720000 -3155.000000
 10.760000 -3325.000000
 10.800000 -685.000000
 10.840000 -1473.000000
 10.880000 -1547.000000
 10.920000 -1259.000000
 10.960000 -2230.000000
 11.000000 4921.000000
 11.040000 3123.000000
 11.080000 750.000000
 11.120000 462.000000
 11.160000 -1513.000000
 11.200000 -7799.000000
 11.240000 -4912.000000
 11.280000 -683.000000
 11.320000 -2211.000000
 11.360000 -2511.000000
 11.400000 -4591.000000
 11.440000 -6696.000000
 11.480000 -2357.000000
 11.520000 -426.000000
 11.560000 -596.000000
 11.600000 -1154.000000
 11.640000 647.000000
 11.680000 -788.000000
 11.720000 -631.000000
 11.760000 -1365.000000
 11.800000 112.000000
 11.840000 3015.000000
 11.880000 6892.000000
 11.920000 5812.000000
 11.960000 1759.000000
 12.000000 3139.000000
 12.040000 458.000000
 12.080000 -3691.000000
 12.120000 -682.000000
 12.160000 2392.000000
 12.200000 4130.000000
 12.240000 7644.000000
 12.280000 3822.000000
 12.320000 -1478.000000
 12.360000 2049.000000
 12.400000 3896.000000
 12.440000 -237.000000
 12.480000 2581.000000
 12.520000 636.000000
 12.560000 -3411.000000
 12.600000 -2454.000000
 12.640000 -3978.000000
 12.680000 -4756.000000
 12.720000 1212.000000
 12.760000 -675.000000
 12.800000 -5628.000000
 12.840000 -5933.000000
 12.880000 -2598.000000
 12.920000 211.000000
 12.960000 2143.000000
 13.000000 2315.000000
 13.040000 -209.000000
 13.080000 -5514.000000
 13.120000 -3055.000000
 13.160000 -6112.000000
 13.200000 -4477.000000
 13.240000 3227.000000
 13.280000 3320.000000
 13.320000 262.000000
 13.360000 2156.000000
 13.400000 798.000000
 13.440000 2308.000000
 13.480000 8625.000000
 13.520000 6064.000000
 13.560000 -870.000000
 13.600000 4342.000000
 13.640000 -11.000000
 13.680000 -3775.000000
 13.720000 -1641.000000
 13.760000 -559.000000
 13.800000 -1488.000000
 13.840000 1247.000000
 13.880000 -458.000000
 13.920000 -3813.000000
 13.960000 -716.000000
 14.000000 -3552.000000
 14.040000 -6415.000000
 14.080000 -8476.000000
 14.120000 -7534.000000
 14.160000 -7915.000000
 14.200000 -3363.000000
 14.240000 348.000000
 14.280000 -202.000000
 14.320000 1019.000000
 14.360000 583.000000
 14.400000 -5678.000000
 14.440000 -5934.000000
 14.480000 -5020.000000
 14.520000 -4171.000000
 14.560000 -3352.000000
 14.600000 5071.000000
 14.640000 6336.000000
 14.680000 7261.000000
 14.720000 5279.000000
 14.760000 345.000000
 14.800000 -4083.000000
 14.840000 3160.000000
 14.880000 5842.000000
 14.920000 1506.000000
 14.960000 4744.000000
 15.000000 4040.000000
 15.040000 2447.000000
 15.080000 1353.000000
 15.120000 72.000000
 15.160000 2121.000000
 15.200000 5868.000000
 15.240000 5149.000000
 15.280000 -2820.000000
 15.320000 -2769.000000
 15.360000 735.000000
 15.400000 -1426.000000
 15.440000 5616.000000
 15.480000 2441.000000
 15.520000 1869.000000
 15.560000 2203.000000
 15.600000 418.000000
 15.640000 -7117.000000
 15.680000 -1637.000000
 15.720000 -1125.000000
 15.760000 -4317.000000
 15.800000 -2759.000000
 15.840000 305.000000
 15.880000 7115.000000
 15.920000 7554.000000
 15.960000 6311.000000
 16.000000 2900.000000
 16.040001 894.000000
 16.080000 2361.000000
 16.120001 2825.000000
 16.160000 2689.000000
 16.200001 3110.000000
 16.240000 4536.000000
 16.280001 3465.000000
 16.320000 3290.000000
 16.360001 414.000000
 16.400000 -3151.000000
 16.440001 2342.000000
 16.480000 -516.000000
 16.520000 -5710.000000
 16.559999 -385.000000
 16.600000 427.000000
 16.639999 -3212.000000
 16.680000 2487.000000
 16.719999 -4502.000000
 16.760000 -3738.000000
 16.799999 829.000000
 16.840000 -1193.000000
 16.879999 -5395.000000
 16.920000 -4280.000000
 16.959999 -4542.000000
 17.000000 -5923.000000
 17.040001 -5216.000000
 17.080000 -1134.000000
 17.120001 2481.000000
 17.160000 4846.000000
 17.200001 5433.000000
 17.240000 721.000000
 17.280001 -480.000000
 17.320000 2799.000000
 17.360001 1124.000000
 17.400000 3472.000000
 17.440001 7527.000000
 17.480000 10653.000000
 17.520000 18553.000000
 17.559999 36303.000000
 17.600000 50820.000000
 17.639999 68716.000000
 17.680000 87710.000000
 17.719999 96944.000000
 17.760000 101162.000000
 17.799999 114566.000000
 17.840000 122300.000000
 17.879999 122481.000000
 17.920000 116625.000000
 17.959999 101560.000000
 18.000000 82067.000000
 18.040001 62984.000000
 18.080000 45574.000000
 18.120001 30909.000000
 18.160000 26295.000000
 18.200001 20927.000000
 18.240000 14637.000000
 18.280001 14645.000000
 18.320000 16475.000000
 18.360001 14334.000000
 18.400000 22396.000000
 18.440001 23539.000000
 18.480000 18281.000000
 18.520000 22880.000000
 18.559999 25596.000000
 18.600000 23680.000000
 18.639999 30817.000000
 18.680000 35977.000000
 18.719999 39829.000000
 18.760000 43370.000000
 18.799999 43767.000000
 18.840000 41545.000000
 18.879999 37182.000000
 18.920000 35922.000000
 18.959999 28579.000000
 19.000000 26512.000000
 19.040001 26839.000000
 19.080000 31468.000000
 19.120001 34618.000000
 19.160000 38671.000000
 19.200001 45337.000000
 19.240000 45443.000000
 19.280001 42554.000000
 19.320000 34612.000000
 19.360001 20752.000000
 19.400000 18428.000000
 19.440001 10551.000000
 19.480000 5825.000000
 19.520000 11459.000000
 19.559999 14077.000000
 19.600000 7621.000000
 19.639999 11981.000000
 19.680000 6846.000000
 19.719999 4317.000000
 19.760000 12062.000000
 19.799999 12220.000000
 19.840000 11004.000000
 19.879999 8581.000000
 19.920000 5203.000000
 19.959999 5682.000000
 20.000000 9581.000000
 20.040001 10653.000000
 20.080000 15816.000000
 20.120001 19617.000000
 20.160000 17834.000000
 20.200001 11505.000000
 20.240000 6341.000000
 20.280001 4196.000000
 20.320000 5165.000000
 20.360001 4204.000000
 20.400000 7254.000000
 20.440001 2448.000000
 20.480000 2589.000000
 20.520000 4357.000000
 20.559999 2089.000000
 20.600000 -4426.000000
 20.639999 90.000000
 20.680000 -3666.000000
 20.719999 -7672.000000
 20.760000 -1140.000000
 20.799999 3537.000000
 20.840000 9386.000000
 20.879999 11087.000000
 20.920000 9417.000000
 20.959999 4753.000000
 21.000000 3191.000000
 21.040001 1362.000000
 21.080000 2704.000000
 21.120001 2498.000000
 21.160000 3629.000000
 21.200001 5514.000000
 21.240000 9292.000000
 21.280001 10911.000000
 21.320000 6336.000000
 21.360001 8291.000000
 21.400000 8583.000000
 21.440001 -1073.000000
 21.480000 -1576.000000
 21.520000 568.000000
 21.559999 -2300.000000
 21.600000 72.000000
 21.639999 3771.000000
 21.680000 2415.000000
 21.719999 3125.000000
 21.760000 6650.000000
 21.799999 4982.000000
 21.840000 2273.000000
 21.879999 2076.000000
 21.920000 632.000000
 21.959999 -475.000000
 22.000000 1700.000000
 22.040001 8751.000000
 22.080000 11472.000000
 22.120001 17087.000000
 22.160000 20810.000000
 22.200001 20460.000000
 22.240000 24038.000000
 22.280001 21127.000000
 22.320000 13775.000000
 22.360001 13939.000000
 22.400000 13067.000000
 22.440001 8686.000000
 22.480000 15111.000000
 22.520000 21023.000000
 22.559999 15930.000000
 22.600000 16858.000000
 22.639999 12321.000000
 22.680000 3273.000000
 22.719999 1778.000000
 22.760000 3709.000000
 22.799999 5008.000000
 22.840000 7138.000000
 22.879999 5357.000000
 22.920000 2841.000000
 22.959999 3273.000000
 23.000000 -1928.000000
 23.040001 -4428.000000
 23.080000 -4571.000000
 23.120001 -5999.000000
 23.160000 -4545.000000
 23.200001 -3645.000000
 23.240000 -3026.000000
 23.280001 -2234.000000
 23.320000 -5183.000000
 23.360001 -542.000000
 23.400000 -91.000000
 23.440001 1641.000000
 23.480000 6092.000000
 23.520000 6288.000000
 23.559999 -3000.000000
 23.600000 -2582.000000
 23.639999 -4745.000000
 23.680000 -6670.000000
 23.719999 3559.000000
 23.760000 7370.000000
 23.799999 7824.000000
 23.840000 8553.000000
 23.879999 5968.000000
 23.920000 1702.000000
 23.959999 4252.000000
 24.000000 811.000000
 24.040001 1331.000000
 24.080000 594.000000
 24.120001 -2007.000000
 24.160000 996.000000
 24.200001 7086.000000
 24.240000 6100.000000
 24.280001 2104.000000
 24.320000 -1448.000000
 24.360001 -2310.000000
 24.400000 -6260.000000
 24.440001 -1299.000000
 24.480000 951.000000
 24.520000 247.000000
 24.559999 -1947.000000
 24.600000 3824.000000
 24.639999 -1240.000000
 24.680000 -662.000000
 24.719999 6420.000000
 24.760000 9635.000000
 24.799999 8133.000000
 24.840000 2620.000000
 24.879999 1156.000000
 24.920000 1265.000000
 24.959999 2411.000000
 25.000000 2321.000000
 25.040001 4944.000000
 25.080000 7544.000000
 25.120001 5163.000000
 25.160000 3752.000000
 25.200001 5465.000000
 25.240000 5966.000000
 25.280001 6214.000000
 25.320000 9070.000000
 25.360001 8014.000000
 25.400000 2275.000000
 25.440001 5911.000000
 25.480000 6610.000000
 25.520000 2000.000000
 25.559999 2365.000000
 25.600000 4504.000000
 25.639999 -3084.000000
 25.680000 990.000000
 25.719999 4276.000000
 25.760000 2853.000000
 25.799999 6757.000000
 25.840000 5121.000000
 25.879999 4158.000000
 25.920000 3811.000000
 25.959999 1892.000000
 26.000000 412.000000
 26.040001 -1037.000000
 26.080000 -2049.000000
 26.120001 -1284.000000
 26.160000 2835.000000
 26.200001 5631.000000
 26.240000 5341.000000
 26.280001 2205.000000
 26.320000 3845.000000
 26.360001 3674.000000
 26.400000 -1936.000000
 26.440001 3464.000000
 26.480000 5999.000000
 26.520000 -1415.000000
 26.559999 237.000000
 26.600000 -736.000000
 26.639999 -3219.000000
 26.680000 2013.000000
 26.719999 5165.000000
 26.760000 1071.000000
 26.799999 1478.000000
 26.840000 -327.000000
 26.879999 -2397.000000
 26.920000 2448.000000
 26.959999 -4983.000000
 27.000000 -4229.000000
 27.040001 -1212.000000
 27.080000 -1585.000000
 27.120001 862.000000
 27.160000 6475.000000
 27.200001 7945.000000
 27.240000 5672.000000
 27.280001 4225.000000
 27.320000 3040.000000
 27.360001 -343.000000
 27.400000 996.000000
 27.440001 6004.000000
 27.480000 7873.000000
 27.520000 3563.000000
 27.559999 7912.000000
 27.600000 5774.000000
 27.639999 2310.000000
 27.680000 5726.000000
 27.719999 9586.000000
 27.760000 11991.000000
 27.799999 12532.000000
 27.840000 8592.000000
 27.879999 4284.000000
 27.920000 2883.000000
 27.959999 -2043.000000
 28.000000 -994.000000
 28.040001 2508.000000
 28.080000 2550.000000
 28.120001 8957.000000
 28.160000 13296.000000
 28.200001 7010.000000
 28.240000 2669.000000
 28.280001 1192.000000
 28.320000 4048.000000
 28.360001 110.000000
 28.400000 7759.000000
 28.440001 8507.000000
 28.480000 7549.000000
 28.520000 4492.000000
 28.559999 5238.000000
 28.600000 -757.000000
 28.639999 5096.000000
 28.680000 7218.000000
 28.719999 3988.000000
 28.760000 2157.000000
 28.799999 -313.000000
 28.840000 2114.000000
 28.879999 4646.000000
 28.920000 7110.000000
 28.959999 3952.000000
 29.000000 5157.000000
 29.040001 2909.000000
 29.080000 -512.000000
 29.120001 2805.000000
 29.160000 5533.000000
 29.200001 4016.000000
 29.240000 2518.000000
 29.280001 4228.000000
 29.320000 9580.000000
 29.360001 19383.000000
 29.400000 42293.000000
 29.440001 62573.000000
 29.480000 82177.000000
 29.520000 112442.000000
 29.559999 149794.000000
 29.600000 183785.000000
 29.639999 229500.000000
 29.680000 273727.000000
 29.719999 310708.000000
 29.760000 346169.000000
 29.799999 363430.000000
 29.840000 373767.000000
 29.879999 378555.000000
 29.920000 363180.000000
 29.959999 338405.000000
 30.000000 315340.000000
 30.040001 282626.000000
 30.080000 243679.000000
 30.120001 209767.000000
 30.160000 172246.000000
 30.200001 135446.000000
 30.240000 108585.000000
 30.280001 83381.000000
 30.320000 58418.000000
 30.360001 36514.000000
 30.400000 24003.000000
 30.440001 12036.000000
 30.480000 4344.000000
 30.520000 2816.000000
 30.559999 4009.000000
 30.600000 -121.000000
 30.639999 -156.000000
 30.680000 -237.000000
 30.719999 -666.000000
 30.760000 3260.000000
 30.799999 3673.000000
 30.840000 2600.000000
 30.879999 3973.000000
 30.920000 -1562.000000
 30.959999 -1947.000000
 31.000000 851.000000
 31.040001 -275.000000
 31.080000 4878.000000
 31.120001 13076.000000
 31.160000 9353.000000
 31.200001 886.000000
 31.240000 -1505.000000
 31.280001 317.000000
 31.320000 -982.000000
 31.360001 3687.000000
 31.400000 6508.000000
 31.440001 5837.000000
 31.480000 5616.000000
 31.520000 5469.000000
 31.559999 599.000000
 31.600000 -773.000000
 31.639999 -1471.000000
 31.680000 -2472.000000
 31.719999 -3494.000000
 31.760000 -6152.000000
 31.799999 -3905.000000
 31.840000 441.000000
 31.879999 3518.000000
 31.920000 -2958.000000
 31.959999 -2042.000000
 32.000000 -2130.000000
 32.040001 -4858.000000
 32.080002 -3100.000000
 32.119999 1116.000000
 32.160000 886.000000
 32.200001 621.000000
 32.240002 -2598.000000
 32.279999 -4092.000000
 32.320000 -4719.000000
 32.360001 3732.000000
 32.400002 4326.000000
 32.439999 -64.000000
 32.480000 -1535.000000
 32.520000 1513.000000
 32.560001 -3922.000000
 32.599998 -3631.000000
 32.639999 -789.000000
 32.680000 691.000000
 32.720001 8797.000000
 32.759998 6399.000000
 32.799999 3144.000000
 32.840000 793.000000
 32.880001 -4670.000000
 32.919998 -10501.000000
 32.959999 -4856.000000
 33.000000 -5056.000000
 33.040001 -4664.000000
 33.080002 3100.000000
 33.119999 3046.000000
 33.160000 -3832.000000
 33.200001 -520.000000
 33.240002 1895.000000
 33.279999 2533.000000
 33.320000 1564.000000
 33.360001 2520.000000
 33.400002 -367.000000
 33.439999 -2255.000000
 33.480000 -3705.000000
 33.520000 435.000000
 33.560001 963.000000
 33.599998 5871.000000
 33.639999 4448.000000
 33.680000 804.000000
 33.720001 1663.000000
 33.759998 2201.000000
 33.799999 2128.000000
 33.840000 3144.000000
 33.880001 -1257.000000
 33.919998 -2960.000000
 33.959999 2389.000000
 34.000000 2516.000000
 34.040001 703.000000
 34.080002 7588.000000
 34.119999 5129.000000
 34.160000 -1231.000000
 34.200001 -2765.000000
 34.240002 -7222.000000
 34.279999 -8416.000000
 34.320000 -2127.000000
 34.360001 1737.000000
 34.400002 -2329.000000
 34.439999 154.000000
 34.480000 -177.000000
 34.520000 1433.000000
 34.560001 -802.000000
 34.599998 -2304.000000
 34.639999 799.000000
 34.680000 428.000000
 34.720001 -2521.000000
 34.759998 -4375.000000
 34.799999 -161.000000
 34.840000 3832.000000
 34.880001 174.000000
 34.919998 863.000000
 34.959999 3462.000000
 35.000000 2598.000000
 35.040001 1636.000000
 35.080002 1893.000000
 35.119999 -585.000000
 35.160000 1075.000000
 35.200001 6323.000000
 35.240002 5431.000000
 35.279999 -1368.000000
 35.320000 -1705.000000
 35.360001 -2091.000000
 35.400002 -4706.000000
 35.439999 -2359.000000
 35.480000 1253.000000
 35.520000 -333.000000
 35.560001 -3354.000000
 35.599998 -7071.000000
 35.639999 -8981.000000
 35.680000 76.000000
 35.720001 3805.000000
 35.759998 4072.000000
 35.799999 3077.000000
 35.840000 -1581.000000
 35.880001 -10570.000000
 35.919998 -6833.000000
 35.959999 -5295.000000
 36.000000 -3273.000000
 36.040001 5637.000000
 36.080002 8291.000000
 36.119999 -183.000000
 36.160000 -898.000000
 36.200001 2099.000000
 36.240002 4675.000000
 36.279999 3467.000000
 36.320000 4743.000000
 36.360001 2078.000000
 36.400002 3073.000000
 36.439999 1669.000000
 36.480000 4184.000000
 36.520000 2115.000000
 36.560001 4826.000000
 36.599998 3756.000000
 36.639999 261.000000
 36.680000 -866.000000
 36.720001 -737.000000
 36.759998 116.000000
 36.799999 2061.000000
 36.840000 1595.000000
 36.880001 -5123.000000
 36.919998 -894.000000
 36.959999 -3167.000000
 37.000000 -1735.000000
 37.040001 5507.000000
 37.080002 6056.000000
 37.119999 -90.000000
 37.160000 4116.000000
 37.200001 -5167.000000
 37.240002 -6986.000000
 37.279999 -1177.000000
 37.320000 1903.000000
 37.360001 1659.000000
 37.400002 7355.000000
 37.439999 6655.000000
 37.480000 7530.000000
 37.520000 3202.000000
 37.560001 1068.000000
 37.599998 2656.000000
 37.639999 7523.000000
 37.680000 10861.000000
 37.720001 4700.000000
 37.759998 96.000000
 37.799999 -786.000000
 37.840000 -1821.000000
 37.880001 -2100.000000
 37.919998 2972.000000
 37.959999 1826.000000
 38.000000 -2212.000000
 38.040001 -3315.000000
 38.080002 -9551.000000
 38.119999 -8752.000000
 38.160000 932.000000
 38.200001 1596.000000
 38.240002 1701.000000
 38.279999 -80.000000
 38.320000 -2229.000000
 38.360001 -4386.000000
 38.400002 -239.000000
 38.439999 -1743.000000
 38.480000 223.000000
 38.520000 -2030.000000
 38.560001 -4218.000000
 38.599998 -6585.000000
 38.639999 -987.000000
 38.680000 5626.000000
 38.720001 7835.000000
 38.759998 11074.000000
 38.799999 4352.000000
 38.840000 -1723.000000
 38.880001 1625.000000
 38.919998 1870.000000
 38.959999 -385.000000
 39.000000 2852.000000
 39.040001 8071.000000
 39.080002 2125.000000
 39.119999 -1048.000000
 39.160000 -2751.000000
 39.200001 -2700.000000
 39.240002 -1130.000000
 39.279999 -1721.000000
 39.320000 -4049.000000
 39.360001 -5272.000000
 39.400002 -5594.000000
 39.439999 -5514.000000
 39.480000 -6080.000000
 39.520000 -4519.000000
 39.560001 -4003.000000
 39.599998 -2704.000000
 39.639999 -1686.000000
 39.680000 -4860.000000
 39.720001 -9096.000000
 39.759998 -5017.000000
 39.799999 -2908.000000
 39.840000 -5771.000000
 39.880001 -283.000000
 39.919998 197.000000
 39.959999 -1391.000000
 40.000000 5938.000000
 40.040001 8587.000000
 40.080002 6242.000000
 40.119999 11801.000000
 40.160000 7041.000000
 40.200001 -1684.000000
 40.240002 -2846.000000
 40.279999 -3045.000000
 40.320000 -3605.000000
 40.360001 5114.000000
 40.400002 6752.000000
 40.439999 4976.000000
 40.480000 2368.000000
 40.520000 -4789.000000
 40.560001 -8941.000000
 40.599998 -6644.000000
 40.639999 1068.000000
 40.680000 4065.000000
 40.720001 3638.000000
 40.759998 568.000000
 40.799999 -1493.000000
 40.840000 -3444.000000
 40.880001 2269.000000
 40.919998 1032.000000
 40.959999 -742.000000
 41.000000 3189.000000
 41.040001 -1284.000000
 41.080002 -7065.000000
 41.119999 491.000000
 41.160000 4648.000000
 41.200001 4813.000000
 41.240002 9287.000000
 41.279999 6479.000000
 41.320000 5677.000000
 41.360001 10711.000000
 41.400002 6227.000000
 41.439999 3386.000000
 41.480000 2181.000000
 41.520000 1323.000000
 41.560001 -1172.000000
 41.599998 1656.000000
 41.639999 681.000000
 41.680000 1900.000000
 41.720001 7859.000000
 41.759998 3109.000000
 41.799999 -2989.000000
 41.840000 -5666.000000
 41.880001 -3542.000000
 41.919998 -8972.000000
 41.959999 -6903.000000
 42.000000 978.000000
 42.040001 1429.000000
 42.080002 26.000000
 42.119999 48.000000
 42.160000 -9504.000000
 42.200001 -8228.000000
 42.240002 -6403.000000
 42.279999 -5238.000000
 42.320000 -6315.000000
 42.360001 -1140.000000
 42.400002 -4487.000000
 42.439999 -2410.000000
 42.480000 -2742.000000
 42.520000 -2291.000000
 42.560001 2570.000000
 42.599998 7609.000000
 42.639999 5690.000000
 42.680000 -3141.000000
 42.720001 -2755.000000
 42.759998 -3463.000000
 42.799999 -1362.000000
 42.840000 3418.000000
 42.880001 4222.000000
 42.919998 1603.000000
 42.959999 2586.000000
 43.000000 -212.000000
 43.040001 -5866.000000
 43.080002 -1471.000000
 43.119999 1735.000000
 43.160000 -4264.000000
 43.200001 -2785.000000
 43.240002 -6181.000000
 43.279999 -6206.000000
 43.320000 -1057.000000
 43.360001 3781.000000
 43.400002 432.000000
 43.439999 1294.000000
 43.480000 -6036.000000
 43.520000 -9828.000000
 43.560001 -7811.000000
 43.599998 -4667.000000
 43.639999 -586.000000
 43.680000 3418.000000
 43.720001 5174.000000
 43.759998 2939.000000
 43.799999 278.000000
 43.840000 2462.000000
 43.880001 3047.000000
 43.919998 470.000000
 43.959999 3393.000000
 44.000000 2600.000000
 44.040001 -13.000000
 44.080002 3075.000000
 44.119999 2363.000000
 44.160000 1620.000000
 44.200001 6450.000000
 44.240002 6490.000000
 44.279999 1297.000000
 44.320000 4619.000000
 44.360001 1558.000000
 44.400002 -1297.000000
 44.439999 543.000000
 44.480000 1904.000000
 44.520000 1361.000000
 44.560001 5544.000000
 44.599998 1198.000000
 44.639999 -2598.000000
 44.680000 -910.000000
 44.720001 -1954.000000
 44.759998 -1402.000000
 44.799999 -2494.000000
 44.840000 -2353.000000
 44.880001 -6187.000000
 44.919998 -4154.000000
 44.959999 468.000000
 45.000000 2986.000000
 45.040001 4009.000000
 45.080002 7730.000000
 45.119999 -2562.000000
 45.160000 -5751.000000
 45.200001 -4388.000000
 45.240002 -2666.000000
 45.279999 -108.000000
 45.320000 6506.000000
 45.360001 3257.000000
 45.400002 229.000000
 45.439999 -1889.000000
 45.480000 -2815.000000
 45.520000 -3581.000000
 45.560001 3518.000000
 45.599998 4108.000000
 45.639999 -1281.000000
 45.680000 -3389.000000
 45.720001 -6970.000000
 45.759998 -4681.000000
 45.799999 -1468.000000
 45.840000 1846.000000
 45.880001 -3359.000000
 45.919998 -2412.000000
 45.959999 -5271.000000
 46.000000 -12719.000000
 46.040001 -8466.000000
 46.080002 -2785.000000
 46.119999 -6677.000000
 46.160000 -1942.000000
 46.200001 -1577.000000
 46.240002 -2288.000000
 46.279999 2758.000000
 46.320000 7037.000000
 46.360001 1245.000000
 46.400002 1513.000000
 46.439999 -2637.000000
 46.480000 -4035.000000
 46.520000 -3933.000000
 46.560001 -1702.000000
 46.599998 1928.000000
 46.639999 3507.000000
 46.680000 7984.000000
 46.720001 5674.000000
 46.759998 2691.000000
 46.799999 321.000000
 46.840000 -326.000000
 46.880001 -4329.000000
 46.919998 -261.000000
 46.959999 2265.000000
 47.000000 900.000000
 47.040001 1432.000000
 47.080002 -978.000000
 47.119999 -9729.000000
 47.160000 -4498.000000
 47.200001 -2390.000000
 47.240002 -802.000000
 47.279999 2402.000000
 47.320000 1276.000000
 47.360001 -6218.000000
 47.400002 -106.000000
 47.439999 -1199.000000
 47.480000 317.000000
 47.520000 8091.000000
 47.560001 4761.000000
 47.599998 1709.000000
 47.639999 -342.000000
 47.680000 -2096.000000
 47.720001 87.000000
 47.759998 5343.000000
 47.799999 3494.000000
 47.840000 -307.000000
 47.880001 -1077.000000
 47.919998 755.000000
 47.959999 3752.000000
 48.000000 5839.000000
 48.040001 6476.000000
 48.080002 3602.000000
 48.119999 -1673.000000
 48.160000 -1322.000000
 48.200001 -3266.000000
 48.240002 294.000000
 48.279999 5284.000000
 48.320000 5194.000000
 48.360001 -1011.000000
 48.400002 -2017.000000
 48.439999 -9094.000000
 48.480000 -10752.000000
 48.520000 -3964.000000
 48.560001 -2058.000000
 48.599998 -2315.000000
 48.639999 500.000000
 48.680000 -2857.000000
 48.720001 -6484.000000
 48.759998 -5672.000000
 48.799999 -4710.000000
 48.840000 -4996.000000
 48.880001 -3576.000000
 48.919998 -3605.000000
 48.959999 -4851.000000
 49.000000 -2731.000000
 49.040001 -2280.000000
 49.080002 -7600.000000
 49.119999 -2024.000000
 49.160000 2630.000000
 49.200001 -1329.000000
 49.240002 57.000000
 49.279999 1413.000000
 49.320000 -1139.000000
 49.360001 806.000000
 49.400002 2144.000000
 49.439999 1767.000000
 49.480000 722.000000
 49.520000 89.000000
 49.560001 -3434.000000
 49.599998 -3409.000000
 49.639999 297.000000
 49.680000 -284.000000
 49.720001 1393.000000
 49.759998 -2323.000000
 49.799999 -3225.000000
 49.840000 -6836.000000
 49.880001 -508.000000
 49.919998 3221.000000
 49.959999 3156.000000
 50.000000 2915.000000
