This is  c:\datamel\10010825.txt
IMS Cell Temp. =  97.000000  'C
Atmos Pressure =  748.500000  Torr
Cell  Voltage  =  3000.000000  Volts
Uo   Constant  =  53882.000000
Gas      Type  =  N2
Carrier  Flow  =  200.000000  ml/min
Drift    Flow  =  500.000000  ml/min
Start    Time  =  0.000000  msec
End      Time  =  40.000000  msec
Dwell          =  40.000000  usec for  1001.000000  Channels
#Scans         =  200.000000
Time(msec)   Data Value
 0.000000 2089.000000
 0.040000 5185.000000
 0.080000 -881.000000
 0.120000 -6222.000000
 0.160000 -3641.000000
 0.200000 4526.000000
 0.240000 -2960.000000
 0.280000 -8791.000000
 0.320000 -12584.000000
 0.360000 -5078.000000
 0.400000 -2646.000000
 0.440000 -5379.000000
 0.480000 -8752.000000
 0.520000 -4239.000000
 0.560000 -414.000000
 0.600000 -3893.000000
 0.640000 -10104.000000
 0.680000 -8641.000000
 0.720000 1046.000000
 0.760000 646.000000
 0.800000 -3959.000000
 0.840000 -4917.000000
 0.880000 3138.000000
 0.920000 7583.000000
 0.960000 2535.000000
 1.000000 -7667.000000
 1.040000 -2842.000000
 1.080000 3637.000000
 1.120000 6333.000000
 1.160000 3856.000000
 1.200000 4607.000000
 1.240000 6263.000000
 1.280000 9048.000000
 1.320000 653.000000
 1.360000 -6931.000000
 1.400000 -481.000000
 1.440000 6762.000000
 1.480000 2283.000000
 1.520000 -5741.000000
 1.560000 -3178.000000
 1.600000 2813.000000
 1.640000 7647.000000
 1.680000 3885.000000
 1.720000 -3105.000000
 1.760000 -5543.000000
 1.800000 -3509.000000
 1.840000 -8733.000000
 1.880000 -13097.000000
 1.920000 -6024.000000
 1.960000 4496.000000
 2.000000 4287.000000
 2.040000 -1180.000000
 2.080000 -6020.000000
 2.120000 -3406.000000
 2.160000 12.000000
 2.200000 -5505.000000
 2.240000 -13066.000000
 2.280000 -8620.000000
 2.320000 312.000000
 2.360000 -2447.000000
 2.400000 -2023.000000
 2.440000 1373.000000
 2.480000 7240.000000
 2.520000 7164.000000
 2.560000 963.000000
 2.600000 -7566.000000
 2.640000 -3896.000000
 2.680000 -843.000000
 2.720000 -6148.000000
 2.760000 -11639.000000
 2.800000 -5236.000000
 2.840000 7856.000000
 2.880000 9134.000000
 2.920000 1539.000000
 2.960000 -5517.000000
 3.000000 -7159.000000
 3.040000 -5683.000000
 3.080000 -8336.000000
 3.120000 -16650.000000
 3.160000 -8612.000000
 3.200000 -3995.000000
 3.240000 -155.000000
 3.280000 -4162.000000
 3.320000 -5266.000000
 3.360000 -286.000000
 3.400000 5419.000000
 3.440000 -2186.000000
 3.480000 -11869.000000
 3.520000 -12404.000000
 3.560000 -2756.000000
 3.600000 78.000000
 3.640000 -1206.000000
 3.680000 2472.000000
 3.720000 9282.000000
 3.760000 7116.000000
 3.800000 -527.000000
 3.840000 -5410.000000
 3.880000 -2565.000000
 3.920000 3988.000000
 3.960000 502.000000
 4.000000 -3335.000000
 4.040000 -1893.000000
 4.080000 4316.000000
 4.120000 9424.000000
 4.160000 5595.000000
 4.200000 -1797.000000
 4.240000 2723.000000
 4.280000 651.000000
 4.320000 -4823.000000
 4.360000 -10167.000000
 4.400000 -4358.000000
 4.440000 3855.000000
 4.480000 4456.000000
 4.520000 -236.000000
 4.560000 -1822.000000
 4.600000 4649.000000
 4.640000 6428.000000
 4.680000 -985.000000
 4.720000 -7734.000000
 4.760000 -1748.000000
 4.800000 4208.000000
 4.840000 2245.000000
 4.880000 -4074.000000
 4.920000 -4487.000000
 4.960000 1096.000000
 5.000000 7064.000000
 5.040000 408.000000
 5.080000 -1421.000000
 5.120000 4628.000000
 5.160000 10691.000000
 5.200000 346.000000
 5.240000 -5816.000000
 5.280000 -5043.000000
 5.320000 475.000000
 5.360000 5352.000000
 5.400000 -405.000000
 5.440000 -8105.000000
 5.480000 -4780.000000
 5.520000 1380.000000
 5.560000 -4338.000000
 5.600000 -4126.000000
 5.640000 -2001.000000
 5.680000 726.000000
 5.720000 -2670.000000
 5.760000 -11050.000000
 5.800000 -15831.000000
 5.840000 -6817.000000
 5.880000 -1459.000000
 5.920000 -5609.000000
 5.960000 -11743.000000
 6.000000 -5422.000000
 6.040000 668.000000
 6.080000 -2107.000000
 6.120000 -2980.000000
 6.160000 -4005.000000
 6.200000 -2790.000000
 6.240000 -406.000000
 6.280000 -7579.000000
 6.320000 -12907.000000
 6.360000 625.000000
 6.400000 5943.000000
 6.440000 3277.000000
 6.480000 -1526.000000
 6.520000 -434.000000
 6.560000 1423.000000
 6.600000 -712.000000
 6.640000 -9775.000000
 6.680000 -8906.000000
 6.720000 -5270.000000
 6.760000 -50.000000
 6.800000 -3009.000000
 6.840000 -6103.000000
 6.880000 -2402.000000
 6.920000 1484.000000
 6.960000 -2118.000000
 7.000000 -8543.000000
 7.040000 -10591.000000
 7.080000 -6136.000000
 7.120000 -1075.000000
 7.160000 -10194.000000
 7.200000 -7674.000000
 7.240000 1655.000000
 7.280000 10944.000000
 7.320000 7849.000000
 7.360000 664.000000
 7.400000 -4844.000000
 7.440000 -479.000000
 7.480000 -3056.000000
 7.520000 -5569.000000
 7.560000 -4277.000000
 7.600000 6720.000000
 7.640000 11444.000000
 7.680000 7782.000000
 7.720000 869.000000
 7.760000 4782.000000
 7.800000 10541.000000
 7.840000 10009.000000
 7.880000 -474.000000
 7.920000 -5965.000000
 7.960000 -1624.000000
 8.000000 2144.000000
 8.040000 2347.000000
 8.080000 4385.000000
 8.120000 9361.000000
 8.160000 10490.000000
 8.200000 5603.000000
 8.240000 -5695.000000
 8.280000 -9194.000000
 8.320000 -4915.000000
 8.360000 351.000000
 8.400000 -5794.000000
 8.440000 -8032.000000
 8.480000 -781.000000
 8.520000 3951.000000
 8.560000 1417.000000
 8.600000 -2059.000000
 8.640000 -3580.000000
 8.680000 749.000000
 8.720000 -3687.000000
 8.760000 -11829.000000
 8.800000 -9518.000000
 8.840000 -2407.000000
 8.880000 2514.000000
 8.920000 1749.000000
 8.960000 -279.000000
 9.000000 2270.000000
 9.040000 4543.000000
 9.080000 1651.000000
 9.120000 -6693.000000
 9.160000 -12289.000000
 9.200000 -1794.000000
 9.240000 -755.000000
 9.280000 -5313.000000
 9.320000 -4583.000000
 9.360000 1649.000000
 9.400000 1214.000000
 9.440000 -1795.000000
 9.480000 -7835.000000
 9.520000 -10931.000000
 9.560000 -1797.000000
 9.600000 -5493.000000
 9.640000 -12811.000000
 9.680000 -15823.000000
 9.720000 -8896.000000
 9.760000 -2513.000000
 9.800000 -2799.000000
 9.840000 -7602.000000
 9.880000 -8078.000000
 9.920000 -6037.000000
 9.960000 -2816.000000
 10.000000 -10811.000000
 10.040000 -11665.000000
 10.080000 -4431.000000
 10.120000 -1430.000000
 10.160000 -7780.000000
 10.200000 -7618.000000
 10.240000 -5288.000000
 10.280000 3353.000000
 10.320000 8759.000000
 10.360000 -566.000000
 10.400000 -4812.000000
 10.440000 460.000000
 10.480000 1847.000000
 10.520000 -2471.000000
 10.560000 -1901.000000
 10.600000 1891.000000
 10.640000 7932.000000
 10.680000 3274.000000
 10.720000 -272.000000
 10.760000 -1481.000000
 10.800000 6063.000000
 10.840000 5883.000000
 10.880000 -2023.000000
 10.920000 -5927.000000
 10.960000 -1563.000000
 11.000000 730.000000
 11.040000 -586.000000
 11.080000 -3326.000000
 11.120000 -1718.000000
 11.160000 6581.000000
 11.200000 6427.000000
 11.240000 -1578.000000
 11.280000 -6209.000000
 11.320000 -347.000000
 11.360000 301.000000
 11.400000 -3602.000000
 11.440000 -7668.000000
 11.480000 1385.000000
 11.520000 6754.000000
 11.560000 6643.000000
 11.600000 -2077.000000
 11.640000 -241.000000
 11.680000 5704.000000
 11.720000 5965.000000
 11.760000 483.000000
 11.800000 -3411.000000
 11.840000 -1824.000000
 11.880000 3434.000000
 11.920000 342.000000
 11.960000 -4419.000000
 12.000000 859.000000
 12.040000 10140.000000
 12.080000 10705.000000
 12.120000 -1144.000000
 12.160000 -3092.000000
 12.200000 423.000000
 12.240000 2530.000000
 12.280000 -2183.000000
 12.320000 -5078.000000
 12.360000 -3645.000000
 12.400000 3612.000000
 12.440000 2277.000000
 12.480000 -4711.000000
 12.520000 -3817.000000
 12.560000 -346.000000
 12.600000 -3694.000000
 12.640000 -8958.000000
 12.680000 -16993.000000
 12.720000 -11211.000000
 12.760000 876.000000
 12.800000 -490.000000
 12.840000 -6953.000000
 12.880000 -7547.000000
 12.920000 -1691.000000
 12.960000 -643.000000
 13.000000 -7524.000000
 13.040000 -10089.000000
 13.080000 -5598.000000
 13.120000 -2540.000000
 13.160000 -3173.000000
 13.200000 -9959.000000
 13.240000 -5479.000000
 13.280000 5511.000000
 13.320000 3545.000000
 13.360000 -2636.000000
 13.400000 -5753.000000
 13.440000 -1996.000000
 13.480000 -970.000000
 13.520000 -1699.000000
 13.560000 -6802.000000
 13.600000 -2171.000000
 13.640000 4776.000000
 13.680000 4946.000000
 13.720000 -1693.000000
 13.760000 2071.000000
 13.800000 6155.000000
 13.840000 4188.000000
 13.880000 -4861.000000
 13.920000 -4692.000000
 13.960000 -3640.000000
 14.000000 4200.000000
 14.040000 2862.000000
 14.080000 -5403.000000
 14.120000 -5079.000000
 14.160000 7969.000000
 14.200000 5841.000000
 14.240000 145.000000
 14.280000 717.000000
 14.320000 4613.000000
 14.360000 10408.000000
 14.400000 10945.000000
 14.440000 15675.000000
 14.480000 26288.000000
 14.520000 45623.000000
 14.560000 51059.000000
 14.600000 49859.000000
 14.640000 50829.000000
 14.680000 59780.000000
 14.720000 61950.000000
 14.760000 55810.000000
 14.800000 40217.000000
 14.840000 34681.000000
 14.880000 32246.000000
 14.920000 24221.000000
 14.960000 11306.000000
 15.000000 8234.000000
 15.040000 11013.000000
 15.080000 12259.000000
 15.120000 4879.000000
 15.160000 2586.000000
 15.200000 5787.000000
 15.240000 9052.000000
 15.280000 7428.000000
 15.320000 -464.000000
 15.360000 -808.000000
 15.400000 6374.000000
 15.440000 6554.000000
 15.480000 3280.000000
 15.520000 204.000000
 15.560000 3370.000000
 15.600000 11106.000000
 15.640000 8591.000000
 15.680000 7671.000000
 15.720000 18132.000000
 15.760000 31912.000000
 15.800000 36093.000000
 15.840000 40928.000000
 15.880000 47201.000000
 15.920000 61933.000000
 15.960000 68623.000000
 16.000000 60182.000000
 16.040001 48629.000000
 16.080000 38521.000000
 16.120001 34393.000000
 16.160000 21352.000000
 16.200001 7933.000000
 16.240000 6727.000000
 16.280001 12639.000000
 16.320000 13493.000000
 16.360001 10303.000000
 16.400000 6168.000000
 16.440001 12477.000000
 16.480000 19870.000000
 16.520000 11026.000000
 16.559999 852.000000
 16.600000 7094.000000
 16.639999 18305.000000
 16.680000 29690.000000
 16.719999 36004.000000
 16.760000 40376.000000
 16.799999 49036.000000
 16.840000 51901.000000
 16.879999 42034.000000
 16.920000 28126.000000
 16.959999 21121.000000
 17.000000 19536.000000
 17.040001 10790.000000
 17.080000 -3640.000000
 17.120001 -1477.000000
 17.160000 3108.000000
 17.200001 11340.000000
 17.240000 9908.000000
 17.280001 3748.000000
 17.320000 3771.000000
 17.360001 6344.000000
 17.400000 -1613.000000
 17.440001 -10104.000000
 17.480000 -8241.000000
 17.520000 -1386.000000
 17.559999 4998.000000
 17.600000 3595.000000
 17.639999 2811.000000
 17.680000 6473.000000
 17.719999 12762.000000
 17.760000 5510.000000
 17.799999 -4595.000000
 17.840000 -3739.000000
 17.879999 1153.000000
 17.920000 536.000000
 17.959999 1067.000000
 18.000000 1854.000000
 18.040001 10169.000000
 18.080000 13228.000000
 18.120001 11659.000000
 18.160000 3597.000000
 18.200001 3576.000000
 18.240000 4914.000000
 18.280001 -1327.000000
 18.320000 -8622.000000
 18.360001 -5189.000000
 18.400000 6117.000000
 18.440001 13459.000000
 18.480000 12289.000000
 18.520000 5212.000000
 18.559999 7948.000000
 18.600000 9553.000000
 18.639999 2728.000000
 18.680000 -5378.000000
 18.719999 -2198.000000
 18.760000 -910.000000
 18.799999 1926.000000
 18.840000 -2999.000000
 18.879999 -638.000000
 18.920000 7128.000000
 18.959999 13844.000000
 19.000000 7567.000000
 19.040001 -3427.000000
 19.080000 -6169.000000
 19.120001 253.000000
 19.160000 745.000000
 19.200001 -3965.000000
 19.240000 -1673.000000
 19.280001 4642.000000
 19.320000 8804.000000
 19.360001 3691.000000
 19.400000 -2732.000000
 19.440001 313.000000
 19.480000 1424.000000
 19.520000 -6059.000000
 19.559999 -11156.000000
 19.600000 -15129.000000
 19.639999 -7031.000000
 19.680000 -1624.000000
 19.719999 -2690.000000
 19.760000 -4708.000000
 19.799999 481.000000
 19.840000 3420.000000
 19.879999 -1492.000000
 19.920000 -7997.000000
 19.959999 -9915.000000
 20.000000 -4385.000000
 20.040001 -4651.000000
 20.080000 -3678.000000
 20.120001 -4247.000000
 20.160000 4835.000000
 20.200001 9236.000000
 20.240000 4995.000000
 20.280001 -2154.000000
 20.320000 60.000000
 20.360001 2067.000000
 20.400000 3450.000000
 20.440001 -2149.000000
 20.480000 -8259.000000
 20.520000 -2145.000000
 20.559999 3620.000000
 20.600000 524.000000
 20.639999 -23.000000
 20.680000 6539.000000
 20.719999 7090.000000
 20.760000 -385.000000
 20.799999 -6731.000000
 20.840000 -5609.000000
 20.879999 -45.000000
 20.920000 5143.000000
 20.959999 -2021.000000
 21.000000 -2487.000000
 21.040001 1464.000000
 21.080000 9604.000000
 21.120001 6101.000000
 21.160000 4671.000000
 21.200001 3499.000000
 21.240000 8805.000000
 21.280001 5268.000000
 21.320000 -1235.000000
 21.360001 -4798.000000
 21.400000 4885.000000
 21.440001 12645.000000
 21.480000 9496.000000
 21.520000 2227.000000
 21.559999 7368.000000
 21.600000 10887.000000
 21.639999 9744.000000
 21.680000 6580.000000
 21.719999 2177.000000
 21.760000 4618.000000
 21.799999 6582.000000
 21.840000 917.000000
 21.879999 -2754.000000
 21.920000 4278.000000
 21.959999 10074.000000
 22.000000 10584.000000
 22.040001 1001.000000
 22.080000 2632.000000
 22.120001 1601.000000
 22.160000 522.000000
 22.200001 -8090.000000
 22.240000 -10935.000000
 22.280001 -6624.000000
 22.320000 320.000000
 22.360001 -1213.000000
 22.400000 -2914.000000
 22.440001 5476.000000
 22.480000 8791.000000
 22.520000 9013.000000
 22.559999 1457.000000
 22.600000 -4203.000000
 22.639999 -808.000000
 22.680000 1002.000000
 22.719999 -6665.000000
 22.760000 -6766.000000
 22.799999 2247.000000
 22.840000 13769.000000
 22.879999 11822.000000
 22.920000 6032.000000
 22.959999 2380.000000
 23.000000 4171.000000
 23.040001 1721.000000
 23.080000 -3608.000000
 23.120001 -8548.000000
 23.160000 -3893.000000
 23.200001 3731.000000
 23.240000 988.000000
 23.280001 -679.000000
 23.320000 5284.000000
 23.360001 14101.000000
 23.400000 12206.000000
 23.440001 -2929.000000
 23.480000 -14307.000000
 23.520000 -13773.000000
 23.559999 -13121.000000
 23.600000 -11571.000000
 23.639999 -8466.000000
 23.680000 928.000000
 23.719999 9721.000000
 23.760000 7976.000000
 23.799999 -1950.000000
 23.840000 -6165.000000
 23.879999 -3009.000000
 23.920000 -3008.000000
 23.959999 -9811.000000
 24.000000 -15322.000000
 24.040001 -8229.000000
 24.080000 2676.000000
 24.120001 10246.000000
 24.160000 8994.000000
 24.200001 13990.000000
 24.240000 20629.000000
 24.280001 18352.000000
 24.320000 4855.000000
 24.360001 1360.000000
 24.400000 3423.000000
 24.440001 7659.000000
 24.480000 9154.000000
 24.520000 11562.000000
 24.559999 14482.000000
 24.600000 22961.000000
 24.639999 23207.000000
 24.680000 9821.000000
 24.719999 1952.000000
 24.760000 2964.000000
 24.799999 1615.000000
 24.840000 -5794.000000
 24.879999 -8126.000000
 24.920000 -6235.000000
 24.959999 4123.000000
 25.000000 6648.000000
 25.040001 6378.000000
 25.080000 8498.000000
 25.120001 13858.000000
 25.160000 4919.000000
 25.200001 -6333.000000
 25.240000 -13631.000000
 25.280001 -7518.000000
 25.320000 -159.000000
 25.360001 3404.000000
 25.400000 1538.000000
 25.440001 4084.000000
 25.480000 10439.000000
 25.520000 13165.000000
 25.559999 3674.000000
 25.600000 2372.000000
 25.639999 10182.000000
 25.680000 5690.000000
 25.719999 -2101.000000
 25.760000 -5802.000000
 25.799999 -1291.000000
 25.840000 9848.000000
 25.879999 12887.000000
 25.920000 7575.000000
 25.959999 7142.000000
 26.000000 9548.000000
 26.040001 13692.000000
 26.080000 8402.000000
 26.120001 9904.000000
 26.160000 23218.000000
 26.200001 41981.000000
 26.240000 57533.000000
 26.280001 76454.000000
 26.320000 104774.000000
 26.360001 145061.000000
 26.400000 176278.000000
 26.440001 194116.000000
 26.480000 208913.000000
 26.520000 226848.000000
 26.559999 234468.000000
 26.600000 234224.000000
 26.639999 226194.000000
 26.680000 218069.000000
 26.719999 215218.000000
 26.760000 203999.000000
 26.799999 183762.000000
 26.840000 158423.000000
 26.879999 138667.000000
 26.920000 113945.000000
 26.959999 84065.000000
 27.000000 56994.000000
 27.040001 43320.000000
 27.080000 33647.000000
 27.120001 24467.000000
 27.160000 13620.000000
 27.200001 14909.000000
 27.240000 23343.000000
 27.280001 23821.000000
 27.320000 19745.000000
 27.360001 7889.000000
 27.400000 945.000000
 27.440001 -4273.000000
 27.480000 -9377.000000
 27.520000 -14784.000000
 27.559999 -6851.000000
 27.600000 4887.000000
 27.639999 11151.000000
 27.680000 6958.000000
 27.719999 3645.000000
 27.760000 4210.000000
 27.799999 4654.000000
 27.840000 -4473.000000
 27.879999 -17637.000000
 27.920000 -20875.000000
 27.959999 -10990.000000
 28.000000 -6240.000000
 28.040001 -2261.000000
 28.080000 5817.000000
 28.120001 12183.000000
 28.160000 16478.000000
 28.200001 4322.000000
 28.240000 -10662.000000
 28.280001 -13516.000000
 28.320000 -5452.000000
 28.360001 -6300.000000
 28.400000 -10361.000000
 28.440001 -4072.000000
 28.480000 11838.000000
 28.520000 15436.000000
 28.559999 13470.000000
 28.600000 7375.000000
 28.639999 2520.000000
 28.680000 1800.000000
 28.719999 -3855.000000
 28.760000 -14554.000000
 28.799999 -10373.000000
 28.840000 794.000000
 28.879999 5273.000000
 28.920000 6621.000000
 28.959999 4139.000000
 29.000000 10177.000000
 29.040001 11840.000000
 29.080000 675.000000
 29.120001 -13854.000000
 29.160000 -13378.000000
 29.200001 -6757.000000
 29.240000 -3337.000000
 29.280001 -7243.000000
 29.320000 -1006.000000
 29.360001 4628.000000
 29.400000 3922.000000
 29.440001 -2952.000000
 29.480000 -5112.000000
 29.520000 -6616.000000
 29.559999 80.000000
 29.600000 -2811.000000
 29.639999 -11819.000000
 29.680000 -11263.000000
 29.719999 -3532.000000
 29.760000 1961.000000
 29.799999 816.000000
 29.840000 -3491.000000
 29.879999 993.000000
 29.920000 5985.000000
 29.959999 -2157.000000
 30.000000 -5836.000000
 30.040001 -4153.000000
 30.080000 5016.000000
 30.120001 1276.000000
 30.160000 -5349.000000
 30.200001 -9033.000000
 30.240000 -3478.000000
 30.280001 2855.000000
 30.320000 2139.000000
 30.360001 -2310.000000
 30.400000 574.000000
 30.440001 4506.000000
 30.480000 2180.000000
 30.520000 -7274.000000
 30.559999 -10968.000000
 30.600000 -4802.000000
 30.639999 -969.000000
 30.680000 -5027.000000
 30.719999 -5052.000000
 30.760000 2953.000000
 30.799999 10671.000000
 30.840000 9535.000000
 30.879999 -724.000000
 30.920000 -2177.000000
 30.959999 -1909.000000
 31.000000 -409.000000
 31.040001 -6178.000000
 31.080000 -9861.000000
 31.120001 -3795.000000
 31.160000 6584.000000
 31.200001 8420.000000
 31.240000 6435.000000
 31.280001 11885.000000
 31.320000 10645.000000
 31.360001 2994.000000
 31.400000 -11083.000000
 31.440001 -16666.000000
 31.480000 -10419.000000
 31.520000 -1959.000000
 31.559999 2109.000000
 31.600000 4126.000000
 31.639999 9081.000000
 31.680000 16196.000000
 31.719999 10463.000000
 31.760000 1817.000000
 31.799999 -6737.000000
 31.840000 -9882.000000
 31.879999 -12338.000000
 31.920000 -13968.000000
 31.959999 -12559.000000
 32.000000 5443.000000
 32.040001 18659.000000
 32.080002 15758.000000
 32.119999 9008.000000
 32.160000 3639.000000
 32.200001 -1253.000000
 32.240002 -7391.000000
 32.279999 -13302.000000
 32.320000 -17716.000000
 32.360001 -7289.000000
 32.400002 2826.000000
 32.439999 9984.000000
 32.480000 5467.000000
 32.520000 12888.000000
 32.560001 14666.000000
 32.599998 6696.000000
 32.639999 -7853.000000
 32.680000 -17449.000000
 32.720001 -17426.000000
 32.759998 -6726.000000
 32.799999 -7544.000000
 32.840000 -6819.000000
 32.880001 4182.000000
 32.919998 13812.000000
 32.959999 11275.000000
 33.000000 1497.000000
 33.040001 -8763.000000
 33.080002 -14308.000000
 33.119999 -12633.000000
 33.160000 -15002.000000
 33.200001 -13523.000000
 33.240002 -4046.000000
 33.279999 9914.000000
 33.320000 7155.000000
 33.360001 1711.000000
 33.400002 417.000000
 33.439999 2369.000000
 33.480000 -4008.000000
 33.520000 -11796.000000
 33.560001 -19473.000000
 33.599998 -12701.000000
 33.639999 -6037.000000
 33.680000 -652.000000
 33.720001 -305.000000
 33.759998 6165.000000
 33.799999 9513.000000
 33.840000 3946.000000
 33.880001 -5881.000000
 33.919998 -13756.000000
 33.959999 -6902.000000
 34.000000 -2402.000000
 34.040001 -3457.000000
 34.080002 -7671.000000
 34.119999 -1366.000000
 34.160000 5203.000000
 34.200001 4671.000000
 34.240002 -1612.000000
 34.279999 -4281.000000
 34.320000 -1766.000000
 34.360001 -1485.000000
 34.400002 -9039.000000
 34.439999 -8760.000000
 34.480000 -1491.000000
 34.520000 6093.000000
 34.560001 4863.000000
 34.599998 -3717.000000
 34.639999 -2223.000000
 34.680000 2427.000000
 34.720001 1950.000000
 34.759998 -3359.000000
 34.799999 -4540.000000
 34.840000 647.000000
 34.880001 6551.000000
 34.919998 -644.000000
 34.959999 -1434.000000
 35.000000 -105.000000
 35.040001 3188.000000
 35.080002 1536.000000
 35.119999 -1606.000000
 35.160000 -2876.000000
 35.200001 5083.000000
 35.240002 8807.000000
 35.279999 -306.000000
 35.320000 -4223.000000
 35.360001 -3438.000000
 35.400002 3384.000000
 35.439999 403.000000
 35.480000 -5770.000000
 35.520000 -4456.000000
 35.560001 3638.000000
 35.599998 5904.000000
 35.639999 2817.000000
 35.680000 -2075.000000
 35.720001 3857.000000
 35.759998 2276.000000
 35.799999 -5668.000000
 35.840000 -11510.000000
 35.880001 -8019.000000
 35.919998 -2232.000000
 35.959999 5869.000000
 36.000000 233.000000
 36.040001 -2853.000000
 36.080002 4345.000000
 36.119999 7153.000000
 36.160000 678.000000
 36.200001 -5079.000000
 36.240002 -4076.000000
 36.279999 -5298.000000
 36.320000 -7306.000000
 36.360001 -10781.000000
 36.400002 -4604.000000
 36.439999 4971.000000
 36.480000 12782.000000
 36.520000 2695.000000
 36.560001 -2696.000000
 36.599998 -4655.000000
 36.639999 -6014.000000
 36.680000 -12646.000000
 36.720001 -11789.000000
 36.759998 -9017.000000
 36.799999 1825.000000
 36.840000 4179.000000
 36.880001 -167.000000
 36.919998 -2471.000000
 36.959999 5285.000000
 37.000000 4472.000000
 37.040001 -6411.000000
 37.080002 -13048.000000
 37.119999 -10938.000000
 37.160000 -6805.000000
 37.200001 -2706.000000
 37.240002 -5066.000000
 37.279999 -5086.000000
 37.320000 4906.000000
 37.360001 7004.000000
 37.400002 -1835.000000
 37.439999 -12352.000000
 37.480000 -10956.000000
 37.520000 -8555.000000
 37.560001 -7740.000000
 37.599998 -11369.000000
 37.639999 -4826.000000
 37.680000 5082.000000
 37.720001 7434.000000
 37.759998 145.000000
 37.799999 -7213.000000
 37.840000 -2127.000000
 37.880001 -1397.000000
 37.919998 -2239.000000
 37.959999 -5772.000000
 38.000000 -5511.000000
 38.040001 17.000000
 38.080002 6857.000000
 38.119999 1414.000000
 38.160000 1551.000000
 38.200001 4445.000000
 38.240002 3127.000000
 38.279999 -3071.000000
 38.320000 -12249.000000
 38.360001 -7894.000000
 38.400002 3016.000000
 38.439999 3027.000000
 38.480000 -1923.000000
 38.520000 -2533.000000
 38.560001 -343.000000
 38.599998 1624.000000
 38.639999 -1978.000000
 38.680000 -5143.000000
 38.720001 -493.000000
 38.759998 2233.000000
 38.799999 -1451.000000
 38.840000 -4936.000000
 38.880001 -6011.000000
 38.919998 6484.000000
 38.959999 6108.000000
 39.000000 -1193.000000
 39.040001 -5370.000000
 39.080002 -2062.000000
 39.119999 409.000000
 39.160000 38.000000
 39.200001 -5064.000000
 39.240002 899.000000
 39.279999 10700.000000
 39.320000 8841.000000
 39.360001 65.000000
 39.400002 -2469.000000
 39.439999 2094.000000
 39.480000 2415.000000
 39.520000 -930.000000
 39.560001 -3932.000000
 39.599998 3549.000000
 39.639999 9757.000000
 39.680000 9741.000000
 39.720001 -1938.000000
 39.759998 -3349.000000
 39.799999 1935.000000
 39.840000 4612.000000
 39.880001 -4634.000000
 39.919998 -5766.000000
 39.959999 -5962.000000
 40.000000 -407.000000
