This is  c:\datamel\10010817.txt
IMS Cell Temp. =  136.000000  'C
Atmos Pressure =  748.500000  Torr
Cell  Voltage  =  3000.000000  Volts
Uo   Constant  =  53882.000000
Gas      Type  =  N2
Carrier  Flow  =  200.000000  ml/min
Drift    Flow  =  500.000000  ml/min
Start    Time  =  0.000000  msec
End      Time  =  40.000000  msec
Dwell          =  40.000000  usec for  1001.000000  Channels
#Scans         =  200.000000
Time(msec)   Data Value
 0.000000 -11542.000000
 0.040000 -14214.000000
 0.080000 -14247.000000
 0.120000 -2925.000000
 0.160000 7183.000000
 0.200000 12820.000000
 0.240000 1189.000000
 0.280000 -577.000000
 0.320000 -203.000000
 0.360000 -3486.000000
 0.400000 -6234.000000
 0.440000 933.000000
 0.480000 -11160.000000
 0.520000 -10364.000000
 0.560000 -4126.000000
 0.600000 3280.000000
 0.640000 6087.000000
 0.680000 15350.000000
 0.720000 4016.000000
 0.760000 -5894.000000
 0.800000 -12836.000000
 0.840000 -12305.000000
 0.880000 -10298.000000
 0.920000 -2156.000000
 0.960000 -5241.000000
 1.000000 1484.000000
 1.040000 6350.000000
 1.080000 12088.000000
 1.120000 11213.000000
 1.160000 7924.000000
 1.200000 -6429.000000
 1.240000 -17055.000000
 1.280000 -16534.000000
 1.320000 -11562.000000
 1.360000 -5365.000000
 1.400000 10049.000000
 1.440000 15564.000000
 1.480000 5577.000000
 1.520000 1954.000000
 1.560000 3676.000000
 1.600000 -1764.000000
 1.640000 -5363.000000
 1.680000 -3806.000000
 1.720000 -13130.000000
 1.760000 -12978.000000
 1.800000 -6507.000000
 1.840000 4654.000000
 1.880000 10805.000000
 1.920000 17621.000000
 1.960000 3401.000000
 2.000000 -1157.000000
 2.040000 -8027.000000
 2.080000 -11249.000000
 2.120000 -13925.000000
 2.160000 -1324.000000
 2.200000 -7449.000000
 2.240000 -2126.000000
 2.280000 6909.000000
 2.320000 11030.000000
 2.360000 9780.000000
 2.400000 11572.000000
 2.440000 -4865.000000
 2.480000 -12672.000000
 2.520000 -13077.000000
 2.560000 -4207.000000
 2.600000 -2643.000000
 2.640000 5650.000000
 2.680000 9184.000000
 2.720000 6287.000000
 2.760000 3136.000000
 2.800000 2384.000000
 2.840000 3247.000000
 2.880000 1327.000000
 2.920000 -3608.000000
 2.960000 -16195.000000
 3.000000 -13308.000000
 3.040000 -5684.000000
 3.080000 4451.000000
 3.120000 12588.000000
 3.160000 16181.000000
 3.200000 1554.000000
 3.240000 -4210.000000
 3.280000 -9093.000000
 3.320000 -12501.000000
 3.360000 -12926.000000
 3.400000 1420.000000
 3.440000 -5216.000000
 3.480000 -2833.000000
 3.520000 4611.000000
 3.560000 13676.000000
 3.600000 10388.000000
 3.640000 13565.000000
 3.680000 -3510.000000
 3.720000 -10367.000000
 3.760000 -13180.000000
 3.800000 -7002.000000
 3.840000 -3101.000000
 3.880000 8609.000000
 3.920000 5326.000000
 3.960000 7756.000000
 4.000000 7749.000000
 4.040000 3879.000000
 4.080000 4684.000000
 4.120000 8201.000000
 4.160000 -5531.000000
 4.200000 -15949.000000
 4.240000 -13902.000000
 4.280000 -1259.000000
 4.320000 5960.000000
 4.360000 10500.000000
 4.400000 17065.000000
 4.440000 6316.000000
 4.480000 -169.000000
 4.520000 -3662.000000
 4.560000 -8304.000000
 4.600000 -6348.000000
 4.640000 901.000000
 4.680000 -5736.000000
 4.720000 -2744.000000
 4.760000 6174.000000
 4.800000 13994.000000
 4.840000 10423.000000
 4.880000 9382.000000
 4.920000 -8940.000000
 4.960000 -7718.000000
 5.000000 -10458.000000
 5.040000 -7456.000000
 5.080000 -1882.000000
 5.120000 12128.000000
 5.160000 3858.000000
 5.200000 2777.000000
 5.240000 5374.000000
 5.280000 6680.000000
 5.320000 2278.000000
 5.360000 5805.000000
 5.400000 -8689.000000
 5.440000 -15391.000000
 5.480000 -12787.000000
 5.520000 -1973.000000
 5.560000 5135.000000
 5.600000 14669.000000
 5.640000 12596.000000
 5.680000 5218.000000
 5.720000 -2704.000000
 5.760000 -11055.000000
 5.800000 -14540.000000
 5.840000 -12171.000000
 5.880000 -9104.000000
 5.920000 -12098.000000
 5.960000 -2428.000000
 6.000000 3699.000000
 6.040000 10418.000000
 6.080000 10404.000000
 6.120000 9016.000000
 6.160000 -12472.000000
 6.200000 -13853.000000
 6.240000 -12587.000000
 6.280000 -12822.000000
 6.320000 -10385.000000
 6.360000 7080.000000
 6.400000 79.000000
 6.440000 2254.000000
 6.480000 4935.000000
 6.520000 13515.000000
 6.560000 4136.000000
 6.600000 2714.000000
 6.640000 -14386.000000
 6.680000 -18728.000000
 6.720000 -15851.000000
 6.760000 -5419.000000
 6.800000 4551.000000
 6.840000 19383.000000
 6.880000 12132.000000
 6.920000 6691.000000
 6.960000 1950.000000
 7.000000 -5467.000000
 7.040000 -9409.000000
 7.080000 -5333.000000
 7.120000 -8350.000000
 7.160000 -11226.000000
 7.200000 -3924.000000
 7.240000 6200.000000
 7.280000 9830.000000
 7.320000 11907.000000
 7.360000 11310.000000
 7.400000 -4149.000000
 7.440000 -12144.000000
 7.480000 -11353.000000
 7.520000 -9429.000000
 7.560000 -9923.000000
 7.600000 -93.000000
 7.640000 -1511.000000
 7.680000 4632.000000
 7.720000 8105.000000
 7.760000 11174.000000
 7.800000 8662.000000
 7.840000 9487.000000
 7.880000 -12420.000000
 7.920000 -14417.000000
 7.960000 -12337.000000
 8.000000 -5384.000000
 8.040000 2687.000000
 8.080000 19477.000000
 8.120000 9717.000000
 8.160000 5999.000000
 8.200000 3487.000000
 8.240000 205.000000
 8.280000 -6732.000000
 8.320000 -2134.000000
 8.360000 -7648.000000
 8.400000 -12114.000000
 8.440000 -9538.000000
 8.480000 -1843.000000
 8.520000 5303.000000
 8.560000 11139.000000
 8.600000 6430.000000
 8.640000 -2143.000000
 8.680000 -5857.000000
 8.720000 -10603.000000
 8.760000 -8940.000000
 8.800000 -7072.000000
 8.840000 -5469.000000
 8.880000 -11424.000000
 8.920000 -1593.000000
 8.960000 3390.000000
 9.000000 2213.000000
 9.040000 3305.000000
 9.080000 5157.000000
 9.120000 -13806.000000
 9.160000 -18660.000000
 9.200000 -16286.000000
 9.240000 -5682.000000
 9.280000 -1063.000000
 9.320000 12053.000000
 9.360000 1203.000000
 9.400000 -119.000000
 9.440000 -3203.000000
 9.480000 -3225.000000
 9.520000 -6492.000000
 9.560000 1266.000000
 9.600000 -7700.000000
 9.640000 -5808.000000
 9.680000 -5372.000000
 9.720000 4033.000000
 9.760000 9992.000000
 9.800000 16010.000000
 9.840000 2758.000000
 9.880000 -6214.000000
 9.920000 -1541.000000
 9.960000 -6405.000000
 10.000000 -9173.000000
 10.040000 -3123.000000
 10.080000 -555.000000
 10.120000 -2977.000000
 10.160000 2937.000000
 10.200000 7169.000000
 10.240000 9358.000000
 10.280000 7594.000000
 10.320000 2186.000000
 10.360000 -16976.000000
 10.400000 -17467.000000
 10.440000 -12034.000000
 10.480000 1286.000000
 10.520000 4516.000000
 10.560000 12975.000000
 10.600000 5594.000000
 10.640000 7482.000000
 10.680000 4306.000000
 10.720000 794.000000
 10.760000 -2468.000000
 10.800000 5731.000000
 10.840000 -10442.000000
 10.880000 -10352.000000
 10.920000 -4465.000000
 10.960000 3273.000000
 11.000000 12570.000000
 11.040000 23590.000000
 11.080000 10351.000000
 11.120000 635.000000
 11.160000 -2716.000000
 11.200000 -2545.000000
 11.240000 -8824.000000
 11.280000 -1770.000000
 11.320000 1369.000000
 11.360000 3287.000000
 11.400000 6784.000000
 11.440000 11358.000000
 11.480000 16640.000000
 11.520000 12320.000000
 11.560000 792.000000
 11.600000 -12699.000000
 11.640000 -12114.000000
 11.680000 -8639.000000
 11.720000 -3621.000000
 11.760000 3130.000000
 11.800000 10651.000000
 11.840000 4386.000000
 11.880000 7550.000000
 11.920000 5200.000000
 11.960000 1891.000000
 12.000000 353.000000
 12.040000 2440.000000
 12.080000 -13980.000000
 12.120000 -12716.000000
 12.160000 346.000000
 12.200000 20546.000000
 12.240000 35471.000000
 12.280000 59035.000000
 12.320000 57310.000000
 12.360000 57176.000000
 12.400000 54599.000000
 12.440000 48165.000000
 12.480000 41554.000000
 12.520000 40755.000000
 12.560000 25626.000000
 12.600000 25452.000000
 12.640000 27229.000000
 12.680000 27080.000000
 12.720000 27253.000000
 12.760000 28338.000000
 12.800000 13686.000000
 12.840000 520.000000
 12.880000 273.000000
 12.920000 981.000000
 12.960000 2664.000000
 13.000000 11173.000000
 13.040000 14681.000000
 13.080000 6917.000000
 13.120000 10275.000000
 13.160000 13790.000000
 13.200000 15441.000000
 13.240000 12867.000000
 13.280000 9909.000000
 13.320000 -3937.000000
 13.360000 -7895.000000
 13.400000 -6793.000000
 13.440000 1317.000000
 13.480000 11128.000000
 13.520000 18853.000000
 13.560000 10380.000000
 13.600000 11141.000000
 13.640000 7269.000000
 13.680000 5336.000000
 13.720000 7375.000000
 13.760000 20884.000000
 13.800000 19302.000000
 13.840000 32158.000000
 13.880000 52791.000000
 13.920000 66640.000000
 13.960000 73501.000000
 14.000000 89241.000000
 14.040000 83826.000000
 14.080000 82869.000000
 14.120000 92053.000000
 14.160000 102220.000000
 14.200000 111281.000000
 14.240000 116544.000000
 14.280000 104478.000000
 14.320000 90153.000000
 14.360000 77891.000000
 14.400000 64514.000000
 14.440000 52172.000000
 14.480000 38465.000000
 14.520000 23262.000000
 14.560000 7669.000000
 14.600000 5980.000000
 14.640000 11186.000000
 14.680000 31924.000000
 14.720000 64131.000000
 14.760000 102725.000000
 14.800000 130455.000000
 14.840000 175873.000000
 14.880000 224167.000000
 14.920000 257017.000000
 14.960000 278984.000000
 15.000000 290883.000000
 15.040000 269284.000000
 15.080000 242282.000000
 15.120000 208851.000000
 15.160000 173624.000000
 15.200000 131908.000000
 15.240000 105210.000000
 15.280000 66514.000000
 15.320000 40975.000000
 15.360000 27261.000000
 15.400000 22117.000000
 15.440000 25021.000000
 15.480000 28848.000000
 15.520000 20914.000000
 15.560000 25919.000000
 15.600000 32967.000000
 15.640000 35648.000000
 15.680000 32815.000000
 15.720000 33463.000000
 15.760000 17855.000000
 15.800000 2766.000000
 15.840000 1706.000000
 15.880000 6199.000000
 15.920000 12269.000000
 15.960000 26764.000000
 16.000000 29494.000000
 16.040001 17872.000000
 16.080000 13517.000000
 16.120001 12536.000000
 16.160000 10554.000000
 16.200001 5460.000000
 16.240000 8558.000000
 16.280001 4181.000000
 16.320000 8986.000000
 16.360001 13759.000000
 16.400000 20325.000000
 16.440001 32038.000000
 16.480000 38452.000000
 16.520000 24957.000000
 16.559999 21798.000000
 16.600000 22555.000000
 16.639999 21154.000000
 16.680000 19022.000000
 16.719999 27270.000000
 16.760000 17613.000000
 16.799999 19508.000000
 16.840000 25846.000000
 16.879999 30265.000000
 16.920000 24807.000000
 16.959999 29747.000000
 17.000000 14975.000000
 17.040001 -651.000000
 17.080000 -2302.000000
 17.120001 4270.000000
 17.160000 13694.000000
 17.200001 27499.000000
 17.240000 27383.000000
 17.280001 26262.000000
 17.320000 25589.000000
 17.360001 22596.000000
 17.400000 18050.000000
 17.440001 16504.000000
 17.480000 9799.000000
 17.520000 3088.000000
 17.559999 7061.000000
 17.600000 10778.000000
 17.639999 14754.000000
 17.680000 22885.000000
 17.719999 27100.000000
 17.760000 13597.000000
 17.799999 9506.000000
 17.840000 12122.000000
 17.879999 8763.000000
 17.920000 3994.000000
 17.959999 11700.000000
 18.000000 2728.000000
 18.040001 6680.000000
 18.080000 14755.000000
 18.120001 20435.000000
 18.160000 24127.000000
 18.200001 25949.000000
 18.240000 9331.000000
 18.280001 2084.000000
 18.320000 1038.000000
 18.360001 5755.000000
 18.400000 13226.000000
 18.440001 20905.000000
 18.480000 12015.000000
 18.520000 12258.000000
 18.559999 17238.000000
 18.600000 16311.000000
 18.639999 12659.000000
 18.680000 17176.000000
 18.719999 11310.000000
 18.760000 2083.000000
 18.799999 3736.000000
 18.840000 10371.000000
 18.879999 12757.000000
 18.920000 20779.000000
 18.959999 21905.000000
 19.000000 14786.000000
 19.040001 10687.000000
 19.080000 10638.000000
 19.120001 12847.000000
 19.160000 12162.000000
 19.200001 11561.000000
 19.240000 5283.000000
 19.280001 7711.000000
 19.320000 13570.000000
 19.360001 19815.000000
 19.400000 22373.000000
 19.440001 20040.000000
 19.480000 3314.000000
 19.520000 105.000000
 19.559999 511.000000
 19.600000 1222.000000
 19.639999 3995.000000
 19.680000 17687.000000
 19.719999 10115.000000
 19.760000 7596.000000
 19.799999 9561.000000
 19.840000 13925.000000
 19.879999 8433.000000
 19.920000 12759.000000
 19.959999 2304.000000
 20.000000 -2548.000000
 20.040001 -2030.000000
 20.080000 3777.000000
 20.120001 10378.000000
 20.160000 18920.000000
 20.200001 16931.000000
 20.240000 12654.000000
 20.280001 11030.000000
 20.320000 9500.000000
 20.360001 6829.000000
 20.400000 10597.000000
 20.440001 3240.000000
 20.480000 -1706.000000
 20.520000 5019.000000
 20.559999 14661.000000
 20.600000 18186.000000
 20.639999 18560.000000
 20.680000 20157.000000
 20.719999 4916.000000
 20.760000 -2348.000000
 20.799999 -1419.000000
 20.840000 3147.000000
 20.879999 6678.000000
 20.920000 19018.000000
 20.959999 11162.000000
 21.000000 5741.000000
 21.040001 7114.000000
 21.080000 10607.000000
 21.120001 9914.000000
 21.160000 12583.000000
 21.200001 -2753.000000
 21.240000 -2487.000000
 21.280001 -354.000000
 21.320000 922.000000
 21.360001 3972.000000
 21.400000 19231.000000
 21.440001 13210.000000
 21.480000 10096.000000
 21.520000 7343.000000
 21.559999 5036.000000
 21.600000 -216.000000
 21.639999 2524.000000
 21.680000 -3942.000000
 21.719999 -7177.000000
 21.760000 226.000000
 21.799999 13921.000000
 21.840000 15192.000000
 21.879999 15792.000000
 21.920000 16814.000000
 21.959999 5596.000000
 22.000000 -3452.000000
 22.040001 -5868.000000
 22.080000 -3159.000000
 22.120001 5481.000000
 22.160000 9590.000000
 22.200001 1460.000000
 22.240000 5396.000000
 22.280001 8933.000000
 22.320000 10512.000000
 22.360001 11583.000000
 22.400000 14291.000000
 22.440001 -4492.000000
 22.480000 -8292.000000
 22.520000 -6356.000000
 22.559999 -5167.000000
 22.600000 -130.000000
 22.639999 18109.000000
 22.680000 10056.000000
 22.719999 7601.000000
 22.760000 6313.000000
 22.799999 7704.000000
 22.840000 1203.000000
 22.879999 3733.000000
 22.920000 -5044.000000
 22.959999 -3622.000000
 23.000000 -273.000000
 23.040001 7646.000000
 23.080000 11482.000000
 23.120001 15734.000000
 23.160000 8779.000000
 23.200001 3221.000000
 23.240000 -926.000000
 23.280001 -2017.000000
 23.320000 -1259.000000
 23.360001 8243.000000
 23.400000 6310.000000
 23.440001 -2862.000000
 23.480000 2039.000000
 23.520000 12596.000000
 23.559999 15259.000000
 23.600000 14631.000000
 23.639999 14935.000000
 23.680000 1807.000000
 23.719999 -5728.000000
 23.760000 -6657.000000
 23.799999 -165.000000
 23.840000 3506.000000
 23.879999 18434.000000
 23.920000 12151.000000
 23.959999 12247.000000
 24.000000 10129.000000
 24.040001 11817.000000
 24.080000 9708.000000
 24.120001 12407.000000
 24.160000 867.000000
 24.200001 5357.000000
 24.240000 10413.000000
 24.280001 15213.000000
 24.320000 18667.000000
 24.360001 30377.000000
 24.400000 15844.000000
 24.440001 9997.000000
 24.480000 8920.000000
 24.520000 8692.000000
 24.559999 4569.000000
 24.600000 6643.000000
 24.639999 1647.000000
 24.680000 -4231.000000
 24.719999 -3421.000000
 24.760000 6347.000000
 24.799999 12542.000000
 24.840000 12303.000000
 24.879999 10515.000000
 24.920000 -1936.000000
 24.959999 -8656.000000
 25.000000 -11559.000000
 25.040001 -8911.000000
 25.080000 -2161.000000
 25.120001 6567.000000
 25.160000 75.000000
 25.200001 1616.000000
 25.240000 2360.000000
 25.280001 969.000000
 25.320000 -2672.000000
 25.360001 2093.000000
 25.400000 -13837.000000
 25.440001 -11426.000000
 25.480000 -5283.000000
 25.520000 448.000000
 25.559999 -590.000000
 25.600000 10191.000000
 25.639999 1405.000000
 25.680000 -2836.000000
 25.719999 -4628.000000
 25.760000 -1838.000000
 25.799999 -4450.000000
 25.840000 -1742.000000
 25.879999 -9886.000000
 25.920000 -8639.000000
 25.959999 -4593.000000
 26.000000 4186.000000
 26.040001 10917.000000
 26.080000 18604.000000
 26.120001 6041.000000
 26.160000 -6934.000000
 26.200001 -11052.000000
 26.240000 -10175.000000
 26.280001 -8380.000000
 26.320000 32.000000
 26.360001 5478.000000
 26.400000 2144.000000
 26.440001 4386.000000
 26.480000 6974.000000
 26.520000 4794.000000
 26.559999 825.000000
 26.600000 3644.000000
 26.639999 -12254.000000
 26.680000 -14971.000000
 26.719999 -10254.000000
 26.760000 892.000000
 26.799999 1677.000000
 26.840000 8837.000000
 26.879999 4536.000000
 26.920000 5963.000000
 26.959999 -303.000000
 27.000000 -3498.000000
 27.040001 -6343.000000
 27.080000 1888.000000
 27.120001 -12976.000000
 27.160000 -12556.000000
 27.200001 -2528.000000
 27.240000 6586.000000
 27.280001 9890.000000
 27.320000 18496.000000
 27.360001 5681.000000
 27.400000 -4759.000000
 27.440001 -6939.000000
 27.480000 -7084.000000
 27.520000 -7289.000000
 27.559999 818.000000
 27.600000 2294.000000
 27.639999 3673.000000
 27.680000 3400.000000
 27.719999 3597.000000
 27.760000 8498.000000
 27.799999 6624.000000
 27.840000 1725.000000
 27.879999 -7620.000000
 27.920000 -8572.000000
 27.959999 -6993.000000
 28.000000 -1151.000000
 28.040001 5754.000000
 28.080000 12972.000000
 28.120001 4906.000000
 28.160000 7064.000000
 28.200001 4080.000000
 28.240000 306.000000
 28.280001 -2962.000000
 28.320000 4201.000000
 28.360001 -14467.000000
 28.400000 -13495.000000
 28.440001 -6311.000000
 28.480000 7990.000000
 28.520000 13217.000000
 28.559999 19011.000000
 28.600000 3765.000000
 28.639999 -1182.000000
 28.680000 -10375.000000
 28.719999 -9750.000000
 28.760000 -9118.000000
 28.799999 1429.000000
 28.840000 -113.000000
 28.879999 -126.000000
 28.920000 1194.000000
 28.959999 3982.000000
 29.000000 6765.000000
 29.040001 12575.000000
 29.080000 2453.000000
 29.120001 -8750.000000
 29.160000 -7661.000000
 29.200001 -7278.000000
 29.240000 -8079.000000
 29.280001 -892.000000
 29.320000 8489.000000
 29.360001 2576.000000
 29.400000 3773.000000
 29.440001 6543.000000
 29.480000 5546.000000
 29.520000 -501.000000
 29.559999 -1623.000000
 29.600000 -12792.000000
 29.639999 -13100.000000
 29.680000 -6770.000000
 29.719999 4045.000000
 29.760000 9517.000000
 29.799999 14683.000000
 29.840000 2323.000000
 29.879999 407.000000
 29.920000 -4671.000000
 29.959999 -5745.000000
 30.000000 -5405.000000
 30.040001 7417.000000
 30.080000 -3598.000000
 30.120001 -4682.000000
 30.160000 -1163.000000
 30.200001 3359.000000
 30.240000 5108.000000
 30.280001 11275.000000
 30.320000 186.000000
 30.360001 -8486.000000
 30.400000 -10119.000000
 30.440001 -5922.000000
 30.480000 -3959.000000
 30.520000 2613.000000
 30.559999 6641.000000
 30.600000 5517.000000
 30.639999 6274.000000
 30.680000 3736.000000
 30.719999 4803.000000
 30.760000 2870.000000
 30.799999 -5347.000000
 30.840000 -14531.000000
 30.879999 -7728.000000
 30.920000 -2004.000000
 30.959999 7502.000000
 31.000000 12229.000000
 31.040001 17884.000000
 31.080000 1322.000000
 31.120001 -4645.000000
 31.160000 -3151.000000
 31.200001 -2997.000000
 31.240000 -6488.000000
 31.280001 720.000000
 31.320000 -10565.000000
 31.360001 -6843.000000
 31.400000 251.000000
 31.440001 8542.000000
 31.480000 9508.000000
 31.520000 15905.000000
 31.559999 -702.000000
 31.600000 -7938.000000
 31.639999 -13345.000000
 31.680000 -12340.000000
 31.719999 -6103.000000
 31.760000 1967.000000
 31.799999 -614.000000
 31.840000 2568.000000
 31.879999 6654.000000
 31.920000 4092.000000
 31.959999 -213.000000
 32.000000 1470.000000
 32.040001 -5356.000000
 32.080002 -17021.000000
 32.119999 -14141.000000
 32.160000 -4829.000000
 32.200001 3744.000000
 32.240002 10483.000000
 32.279999 13138.000000
 32.320000 -889.000000
 32.360001 -2995.000000
 32.400002 -3110.000000
 32.439999 -2670.000000
 32.480000 -5207.000000
 32.520000 -1634.000000
 32.560001 -9331.000000
 32.599998 -5603.000000
 32.639999 -2582.000000
 32.680000 5019.000000
 32.720001 10901.000000
 32.759998 13641.000000
 32.799999 -974.000000
 32.840000 -11119.000000
 32.880001 -13238.000000
 32.919998 -15394.000000
 32.959999 -10564.000000
 33.000000 3341.000000
 33.040001 -4271.000000
 33.080002 1429.000000
 33.119999 9086.000000
 33.160000 9098.000000
 33.200001 3112.000000
 33.240002 948.000000
 33.279999 -8716.000000
 33.320000 -18306.000000
 33.360001 -17355.000000
 33.400002 -6279.000000
 33.439999 4649.000000
 33.480000 11880.000000
 33.520000 8111.000000
 33.560001 1100.000000
 33.599998 580.000000
 33.639999 -995.000000
 33.680000 -2595.000000
 33.720001 -3236.000000
 33.759998 -5298.000000
 33.799999 -13161.000000
 33.840000 -9737.000000
 33.880001 -8229.000000
 33.919998 649.000000
 33.959999 9317.000000
 34.000000 15836.000000
 34.040001 -1646.000000
 34.080002 -8217.000000
 34.119999 -7788.000000
 34.160000 -9264.000000
 34.200001 -10641.000000
 34.240002 -1641.000000
 34.279999 -1875.000000
 34.320000 1445.000000
 34.360001 3118.000000
 34.400002 5961.000000
 34.439999 3594.000000
 34.480000 5863.000000
 34.520000 -9316.000000
 34.560001 -14054.000000
 34.599998 -11494.000000
 34.639999 -5136.000000
 34.680000 1348.000000
 34.720001 9716.000000
 34.759998 -355.000000
 34.799999 -684.000000
 34.840000 4387.000000
 34.880001 -566.000000
 34.919998 -2746.000000
 34.959999 -809.000000
 35.000000 -2867.000000
 35.040001 -11363.000000
 35.080002 -10503.000000
 35.119999 -1258.000000
 35.160000 6370.000000
 35.200001 12876.000000
 35.240002 15186.000000
 35.279999 613.000000
 35.320000 -6715.000000
 35.360001 -9191.000000
 35.400002 -7914.000000
 35.439999 -7291.000000
 35.480000 -202.000000
 35.520000 -3119.000000
 35.560001 4639.000000
 35.599998 6365.000000
 35.639999 5801.000000
 35.680000 6749.000000
 35.720001 8039.000000
 35.759998 -9385.000000
 35.799999 -11170.000000
 35.840000 -7424.000000
 35.880001 -2630.000000
 35.919998 432.000000
 35.959999 10510.000000
 36.000000 3925.000000
 36.040001 1796.000000
 36.080002 4798.000000
 36.119999 7160.000000
 36.160000 4031.000000
 36.200001 6344.000000
 36.240002 -5891.000000
 36.279999 -14257.000000
 36.320000 -12111.000000
 36.360001 -1987.000000
 36.400002 10696.000000
 36.439999 18221.000000
 36.480000 12523.000000
 36.520000 1103.000000
 36.560001 -5280.000000
 36.599998 -12154.000000
 36.639999 -10216.000000
 36.680000 -1061.000000
 36.720001 3260.000000
 36.759998 -898.000000
 36.799999 6454.000000
 36.840000 8593.000000
 36.880001 5647.000000
 36.919998 3565.000000
 36.959999 8143.000000
 37.000000 -6527.000000
 37.040001 -10757.000000
 37.080002 -9349.000000
 37.119999 -4609.000000
 37.160000 831.000000
 37.200001 9358.000000
 37.240002 5336.000000
 37.279999 3916.000000
 37.320000 4548.000000
 37.360001 5413.000000
 37.400002 495.000000
 37.439999 -1021.000000
 37.480000 -17170.000000
 37.520000 -19131.000000
 37.560001 -10676.000000
 37.599998 -868.000000
 37.639999 9823.000000
 37.680000 22767.000000
 37.720001 10400.000000
 37.759998 -87.000000
 37.799999 -6977.000000
 37.840000 -12276.000000
 37.880001 -13337.000000
 37.919998 -5561.000000
 37.959999 -1977.000000
 38.000000 -5265.000000
 38.040001 1688.000000
 38.080002 9905.000000
 38.119999 11649.000000
 38.160000 8454.000000
 38.200001 3962.000000
 38.240002 -4119.000000
 38.279999 -11885.000000
 38.320000 -11604.000000
 38.360001 -7588.000000
 38.400002 -553.000000
 38.439999 7449.000000
 38.480000 -137.000000
 38.520000 6746.000000
 38.560001 11059.000000
 38.599998 10097.000000
 38.639999 5934.000000
 38.680000 4355.000000
 38.720001 -15462.000000
 38.759998 -14527.000000
 38.799999 -6888.000000
 38.840000 -1361.000000
 38.880001 4680.000000
 38.919998 20245.000000
 38.959999 9453.000000
 39.000000 -1478.000000
 39.040001 -6549.000000
 39.080002 -3786.000000
 39.119999 -6784.000000
 39.160000 -5140.000000
 39.200001 -11750.000000
 39.240002 -7379.000000
 39.279999 -2627.000000
 39.320000 1578.000000
 39.360001 3674.000000
 39.400002 10729.000000
 39.439999 4852.000000
 39.480000 -5658.000000
 39.520000 -11376.000000
 39.560001 -12589.000000
 39.599998 -10168.000000
 39.639999 -17.000000
 39.680000 3426.000000
 39.720001 -4309.000000
 39.759998 3318.000000
 39.799999 10953.000000
 39.840000 6788.000000
 39.880001 774.000000
 39.919998 -484.000000
 39.959999 -14600.000000
 40.000000 -7815.000000
