This is  c:\datamel\10020807.txt
IMS Cell Temp. =  77.000000  'C
Atmos Pressure =  742.000000  Torr
Cell  Voltage  =  3000.000000  Volts
Uo   Constant  =  53882.000000
Gas      Type  =  N2
Carrier  Flow  =  200.000000  ml/min
Drift    Flow  =  500.000000  ml/min
Start    Time  =  0.000000  msec
End      Time  =  40.000000  msec
Dwell          =  40.000000  usec for  1001.000000  Channels
#Scans         =  500.000000
Time(msec)   Data Value
 0.000000 0.000000
 0.040000 0.000000
 0.080000 0.000000
 0.120000 0.000000
 0.160000 0.000000
 0.200000 0.000000
 0.240000 0.000000
 0.280000 0.000000
 0.320000 0.000000
 0.360000 0.000000
 0.400000 1.000000
 0.440000 0.000000
 0.480000 0.000000
 0.520000 0.000000
 0.560000 0.000000
 0.600000 0.000000
 0.640000 0.000000
 0.680000 0.000000
 0.720000 0.000000
 0.760000 0.000000
 0.800000 0.000000
 0.840000 0.000000
 0.880000 0.000000
 0.920000 0.000000
 0.960000 0.000000
 1.000000 0.000000
 1.040000 1.000000
 1.080000 0.000000
 1.120000 0.000000
 1.160000 0.000000
 1.200000 0.000000
 1.240000 0.000000
 1.280000 0.000000
 1.320000 0.000000
 1.360000 0.000000
 1.400000 0.000000
 1.440000 0.000000
 1.480000 0.000000
 1.520000 0.000000
 1.560000 0.000000
 1.600000 0.000000
 1.640000 0.000000
 1.680000 0.000000
 1.720000 0.000000
 1.760000 0.000000
 1.800000 0.000000
 1.840000 0.000000
 1.880000 0.000000
 1.920000 0.000000
 1.960000 0.000000
 2.000000 0.000000
 2.040000 0.000000
 2.080000 0.000000
 2.120000 0.000000
 2.160000 2.000000
 2.200000 0.000000
 2.240000 0.000000
 2.280000 0.000000
 2.320000 0.000000
 2.360000 0.000000
 2.400000 0.000000
 2.440000 0.000000
 2.480000 1.000000
 2.520000 0.000000
 2.560000 0.000000
 2.600000 0.000000
 2.640000 0.000000
 2.680000 0.000000
 2.720000 0.000000
 2.760000 0.000000
 2.800000 0.000000
 2.840000 0.000000
 2.880000 0.000000
 2.920000 0.000000
 2.960000 0.000000
 3.000000 0.000000
 3.040000 0.000000
 3.080000 0.000000
 3.120000 0.000000
 3.160000 0.000000
 3.200000 0.000000
 3.240000 0.000000
 3.280000 0.000000
 3.320000 0.000000
 3.360000 0.000000
 3.400000 0.000000
 3.440000 0.000000
 3.480000 0.000000
 3.520000 0.000000
 3.560000 0.000000
 3.600000 0.000000
 3.640000 0.000000
 3.680000 0.000000
 3.720000 0.000000
 3.760000 0.000000
 3.800000 1.000000
 3.840000 0.000000
 3.880000 0.000000
 3.920000 0.000000
 3.960000 0.000000
 4.000000 0.000000
 4.040000 0.000000
 4.080000 0.000000
 4.120000 0.000000
 4.160000 0.000000
 4.200000 1.000000
 4.240000 0.000000
 4.280000 1.000000
 4.320000 0.000000
 4.360000 0.000000
 4.400000 0.000000
 4.440000 0.000000
 4.480000 0.000000
 4.520000 0.000000
 4.560000 0.000000
 4.600000 0.000000
 4.640000 0.000000
 4.680000 0.000000
 4.720000 0.000000
 4.760000 0.000000
 4.800000 0.000000
 4.840000 0.000000
 4.880000 0.000000
 4.920000 0.000000
 4.960000 0.000000
 5.000000 0.000000
 5.040000 0.000000
 5.080000 0.000000
 5.120000 0.000000
 5.160000 0.000000
 5.200000 0.000000
 5.240000 0.000000
 5.280000 0.000000
 5.320000 0.000000
 5.360000 0.000000
 5.400000 0.000000
 5.440000 0.000000
 5.480000 0.000000
 5.520000 0.000000
 5.560000 0.000000
 5.600000 0.000000
 5.640000 0.000000
 5.680000 0.000000
 5.720000 0.000000
 5.760000 0.000000
 5.800000 0.000000
 5.840000 0.000000
 5.880000 0.000000
 5.920000 0.000000
 5.960000 0.000000
 6.000000 0.000000
 6.040000 0.000000
 6.080000 0.000000
 6.120000 0.000000
 6.160000 0.000000
 6.200000 0.000000
 6.240000 0.000000
 6.280000 0.000000
 6.320000 0.000000
 6.360000 0.000000
 6.400000 0.000000
 6.440000 0.000000
 6.480000 0.000000
 6.520000 1.000000
 6.560000 0.000000
 6.600000 0.000000
 6.640000 0.000000
 6.680000 0.000000
 6.720000 0.000000
 6.760000 0.000000
 6.800000 0.000000
 6.840000 0.000000
 6.880000 0.000000
 6.920000 0.000000
 6.960000 0.000000
 7.000000 0.000000
 7.040000 0.000000
 7.080000 0.000000
 7.120000 0.000000
 7.160000 0.000000
 7.200000 0.000000
 7.240000 0.000000
 7.280000 0.000000
 7.320000 0.000000
 7.360000 0.000000
 7.400000 0.000000
 7.440000 0.000000
 7.480000 0.000000
 7.520000 0.000000
 7.560000 0.000000
 7.600000 0.000000
 7.640000 0.000000
 7.680000 0.000000
 7.720000 0.000000
 7.760000 0.000000
 7.800000 0.000000
 7.840000 0.000000
 7.880000 0.000000
 7.920000 0.000000
 7.960000 0.000000
 8.000000 0.000000
 8.040000 0.000000
 8.080000 0.000000
 8.120000 0.000000
 8.160000 0.000000
 8.200000 0.000000
 8.240000 0.000000
 8.280000 0.000000
 8.320000 0.000000
 8.360000 0.000000
 8.400000 0.000000
 8.440000 0.000000
 8.480000 0.000000
 8.520000 0.000000
 8.560000 0.000000
 8.600000 0.000000
 8.640000 0.000000
 8.680000 0.000000
 8.720000 0.000000
 8.760000 0.000000
 8.800000 0.000000
 8.840000 0.000000
 8.880000 0.000000
 8.920000 0.000000
 8.960000 0.000000
 9.000000 0.000000
 9.040000 0.000000
 9.080000 0.000000
 9.120000 0.000000
 9.160000 0.000000
 9.200000 0.000000
 9.240000 0.000000
 9.280000 0.000000
 9.320000 0.000000
 9.360000 0.000000
 9.400000 0.000000
 9.440000 0.000000
 9.480000 0.000000
 9.520000 0.000000
 9.560000 0.000000
 9.600000 0.000000
 9.640000 0.000000
 9.680000 0.000000
 9.720000 0.000000
 9.760000 0.000000
 9.800000 0.000000
 9.840000 0.000000
 9.880000 0.000000
 9.920000 0.000000
 9.960000 1.000000
 10.000000 0.000000
 10.040000 0.000000
 10.080000 2.000000
 10.120000 1.000000
 10.160000 0.000000
 10.200000 1.000000
 10.240000 0.000000
 10.280000 0.000000
 10.320000 0.000000
 10.360000 0.000000
 10.400000 1.000000
 10.440000 0.000000
 10.480000 0.000000
 10.520000 0.000000
 10.560000 0.000000
 10.600000 0.000000
 10.640000 0.000000
 10.680000 0.000000
 10.720000 0.000000
 10.760000 0.000000
 10.800000 0.000000
 10.840000 0.000000
 10.880000 0.000000
 10.920000 0.000000
 10.960000 0.000000
 11.000000 0.000000
 11.040000 0.000000
 11.080000 0.000000
 11.120000 0.000000
 11.160000 0.000000
 11.200000 0.000000
 11.240000 0.000000
 11.280000 0.000000
 11.320000 0.000000
 11.360000 0.000000
 11.400000 0.000000
 11.440000 0.000000
 11.480000 0.000000
 11.520000 0.000000
 11.560000 0.000000
 11.600000 0.000000
 11.640000 0.000000
 11.680000 0.000000
 11.720000 0.000000
 11.760000 0.000000
 11.800000 0.000000
 11.840000 0.000000
 11.880000 0.000000
 11.920000 0.000000
 11.960000 0.000000
 12.000000 0.000000
 12.040000 0.000000
 12.080000 0.000000
 12.120000 0.000000
 12.160000 0.000000
 12.200000 0.000000
 12.240000 0.000000
 12.280000 0.000000
 12.320000 0.000000
 12.360000 0.000000
 12.400000 0.000000
 12.440000 0.000000
 12.480000 0.000000
 12.520000 0.000000
 12.560000 0.000000
 12.600000 0.000000
 12.640000 0.000000
 12.680000 1.000000
 12.720000 0.000000
 12.760000 0.000000
 12.800000 0.000000
 12.840000 0.000000
 12.880000 0.000000
 12.920000 0.000000
 12.960000 0.000000
 13.000000 0.000000
 13.040000 0.000000
 13.080000 0.000000
 13.120000 0.000000
 13.160000 0.000000
 13.200000 0.000000
 13.240000 0.000000
 13.280000 0.000000
 13.320000 0.000000
 13.360000 0.000000
 13.400000 0.000000
 13.440000 0.000000
 13.480000 0.000000
 13.520000 0.000000
 13.560000 0.000000
 13.600000 0.000000
 13.640000 0.000000
 13.680000 0.000000
 13.720000 0.000000
 13.760000 0.000000
 13.800000 0.000000
 13.840000 0.000000
 13.880000 0.000000
 13.920000 0.000000
 13.960000 0.000000
 14.000000 0.000000
 14.040000 0.000000
 14.080000 0.000000
 14.120000 0.000000
 14.160000 0.000000
 14.200000 0.000000
 14.240000 0.000000
 14.280000 0.000000
 14.320000 0.000000
 14.360000 0.000000
 14.400000 0.000000
 14.440000 0.000000
 14.480000 0.000000
 14.520000 0.000000
 14.560000 1.000000
 14.600000 0.000000
 14.640000 0.000000
 14.680000 0.000000
 14.720000 0.000000
 14.760000 0.000000
 14.800000 0.000000
 14.840000 0.000000
 14.880000 0.000000
 14.920000 0.000000
 14.960000 0.000000
 15.000000 0.000000
 15.040000 0.000000
 15.080000 0.000000
 15.120000 0.000000
 15.160000 0.000000
 15.200000 0.000000
 15.240000 0.000000
 15.280000 0.000000
 15.320000 0.000000
 15.360000 0.000000
 15.400000 0.000000
 15.440000 0.000000
 15.480000 0.000000
 15.520000 0.000000
 15.560000 0.000000
 15.600000 1.000000
 15.640000 0.000000
 15.680000 0.000000
 15.720000 0.000000
 15.760000 0.000000
 15.800000 0.000000
 15.840000 0.000000
 15.880000 0.000000
 15.920000 0.000000
 15.960000 0.000000
 16.000000 0.000000
 16.040001 0.000000
 16.080000 0.000000
 16.120001 0.000000
 16.160000 0.000000
 16.200001 1.000000
 16.240000 3.000000
 16.280001 4.000000
 16.320000 4.000000
 16.360001 1.000000
 16.400000 3.000000
 16.440001 7.000000
 16.480000 6.000000
 16.520000 5.000000
 16.559999 6.000000
 16.600000 1.000000
 16.639999 1.000000
 16.680000 0.000000
 16.719999 2.000000
 16.760000 0.000000
 16.799999 1.000000
 16.840000 1.000000
 16.879999 0.000000
 16.920000 1.000000
 16.959999 0.000000
 17.000000 0.000000
 17.040001 0.000000
 17.080000 0.000000
 17.120001 0.000000
 17.160000 1.000000
 17.200001 0.000000
 17.240000 1.000000
 17.280001 1.000000
 17.320000 1.000000
 17.360001 6.000000
 17.400000 5.000000
 17.440001 12.000000
 17.480000 16.000000
 17.520000 25.000000
 17.559999 26.000000
 17.600000 32.000000
 17.639999 47.000000
 17.680000 40.000000
 17.719999 32.000000
 17.760000 40.000000
 17.799999 44.000000
 17.840000 26.000000
 17.879999 27.000000
 17.920000 22.000000
 17.959999 18.000000
 18.000000 13.000000
 18.040001 12.000000
 18.080000 13.000000
 18.120001 17.000000
 18.160000 11.000000
 18.200001 11.000000
 18.240000 14.000000
 18.280001 9.000000
 18.320000 5.000000
 18.360001 4.000000
 18.400000 5.000000
 18.440001 2.000000
 18.480000 3.000000
 18.520000 9.000000
 18.559999 3.000000
 18.600000 7.000000
 18.639999 3.000000
 18.680000 2.000000
 18.719999 3.000000
 18.760000 0.000000
 18.799999 7.000000
 18.840000 3.000000
 18.879999 5.000000
 18.920000 6.000000
 18.959999 4.000000
 19.000000 1.000000
 19.040001 6.000000
 19.080000 5.000000
 19.120001 6.000000
 19.160000 3.000000
 19.200001 1.000000
 19.240000 4.000000
 19.280001 2.000000
 19.320000 3.000000
 19.360001 4.000000
 19.400000 0.000000
 19.440001 2.000000
 19.480000 0.000000
 19.520000 3.000000
 19.559999 0.000000
 19.600000 1.000000
 19.639999 3.000000
 19.680000 5.000000
 19.719999 1.000000
 19.760000 3.000000
 19.799999 2.000000
 19.840000 2.000000
 19.879999 2.000000
 19.920000 1.000000
 19.959999 0.000000
 20.000000 4.000000
 20.040001 0.000000
 20.080000 0.000000
 20.120001 3.000000
 20.160000 2.000000
 20.200001 0.000000
 20.240000 3.000000
 20.280001 2.000000
 20.320000 1.000000
 20.360001 3.000000
 20.400000 2.000000
 20.440001 0.000000
 20.480000 1.000000
 20.520000 1.000000
 20.559999 0.000000
 20.600000 2.000000
 20.639999 1.000000
 20.680000 2.000000
 20.719999 2.000000
 20.760000 1.000000
 20.799999 1.000000
 20.840000 1.000000
 20.879999 1.000000
 20.920000 1.000000
 20.959999 1.000000
 21.000000 1.000000
 21.040001 0.000000
 21.080000 8.000000
 21.120001 4.000000
 21.160000 3.000000
 21.200001 3.000000
 21.240000 5.000000
 21.280001 6.000000
 21.320000 5.000000
 21.360001 3.000000
 21.400000 6.000000
 21.440001 1.000000
 21.480000 4.000000
 21.520000 4.000000
 21.559999 3.000000
 21.600000 2.000000
 21.639999 3.000000
 21.680000 2.000000
 21.719999 1.000000
 21.760000 2.000000
 21.799999 0.000000
 21.840000 2.000000
 21.879999 3.000000
 21.920000 2.000000
 21.959999 2.000000
 22.000000 0.000000
 22.040001 1.000000
 22.080000 0.000000
 22.120001 1.000000
 22.160000 0.000000
 22.200001 0.000000
 22.240000 0.000000
 22.280001 3.000000
 22.320000 0.000000
 22.360001 2.000000
 22.400000 1.000000
 22.440001 0.000000
 22.480000 0.000000
 22.520000 1.000000
 22.559999 0.000000
 22.600000 0.000000
 22.639999 0.000000
 22.680000 0.000000
 22.719999 1.000000
 22.760000 0.000000
 22.799999 0.000000
 22.840000 0.000000
 22.879999 1.000000
 22.920000 0.000000
 22.959999 0.000000
 23.000000 1.000000
 23.040001 0.000000
 23.080000 2.000000
 23.120001 1.000000
 23.160000 0.000000
 23.200001 1.000000
 23.240000 3.000000
 23.280001 2.000000
 23.320000 1.000000
 23.360001 2.000000
 23.400000 4.000000
 23.440001 1.000000
 23.480000 1.000000
 23.520000 0.000000
 23.559999 1.000000
 23.600000 1.000000
 23.639999 0.000000
 23.680000 2.000000
 23.719999 2.000000
 23.760000 0.000000
 23.799999 1.000000
 23.840000 4.000000
 23.879999 0.000000
 23.920000 2.000000
 23.959999 4.000000
 24.000000 1.000000
 24.040001 1.000000
 24.080000 0.000000
 24.120001 0.000000
 24.160000 2.000000
 24.200001 1.000000
 24.240000 0.000000
 24.280001 1.000000
 24.320000 4.000000
 24.360001 5.000000
 24.400000 5.000000
 24.440001 10.000000
 24.480000 11.000000
 24.520000 7.000000
 24.559999 7.000000
 24.600000 10.000000
 24.639999 7.000000
 24.680000 13.000000
 24.719999 6.000000
 24.760000 7.000000
 24.799999 5.000000
 24.840000 4.000000
 24.879999 6.000000
 24.920000 4.000000
 24.959999 1.000000
 25.000000 1.000000
 25.040001 1.000000
 25.080000 1.000000
 25.120001 3.000000
 25.160000 1.000000
 25.200001 0.000000
 25.240000 4.000000
 25.280001 3.000000
 25.320000 3.000000
 25.360001 5.000000
 25.400000 3.000000
 25.440001 2.000000
 25.480000 3.000000
 25.520000 2.000000
 25.559999 2.000000
 25.600000 4.000000
 25.639999 2.000000
 25.680000 2.000000
 25.719999 2.000000
 25.760000 3.000000
 25.799999 1.000000
 25.840000 2.000000
 25.879999 4.000000
 25.920000 1.000000
 25.959999 0.000000
 26.000000 0.000000
 26.040001 2.000000
 26.080000 2.000000
 26.120001 3.000000
 26.160000 0.000000
 26.200001 7.000000
 26.240000 4.000000
 26.280001 1.000000
 26.320000 1.000000
 26.360001 5.000000
 26.400000 1.000000
 26.440001 4.000000
 26.480000 3.000000
 26.520000 1.000000
 26.559999 3.000000
 26.600000 3.000000
 26.639999 2.000000
 26.680000 3.000000
 26.719999 1.000000
 26.760000 1.000000
 26.799999 6.000000
 26.840000 4.000000
 26.879999 1.000000
 26.920000 0.000000
 26.959999 2.000000
 27.000000 3.000000
 27.040001 2.000000
 27.080000 2.000000
 27.120001 2.000000
 27.160000 0.000000
 27.200001 0.000000
 27.240000 5.000000
 27.280001 1.000000
 27.320000 1.000000
 27.360001 2.000000
 27.400000 1.000000
 27.440001 4.000000
 27.480000 2.000000
 27.520000 3.000000
 27.559999 1.000000
 27.600000 2.000000
 27.639999 4.000000
 27.680000 1.000000
 27.719999 0.000000
 27.760000 3.000000
 27.799999 2.000000
 27.840000 2.000000
 27.879999 1.000000
 27.920000 0.000000
 27.959999 1.000000
 28.000000 2.000000
 28.040001 1.000000
 28.080000 0.000000
 28.120001 0.000000
 28.160000 0.000000
 28.200001 2.000000
 28.240000 0.000000
 28.280001 1.000000
 28.320000 8.000000
 28.360001 9.000000
 28.400000 9.000000
 28.440001 18.000000
 28.480000 18.000000
 28.520000 21.000000
 28.559999 35.000000
 28.600000 38.000000
 28.639999 20.000000
 28.680000 46.000000
 28.719999 41.000000
 28.760000 44.000000
 28.799999 60.000000
 28.840000 50.000000
 28.879999 49.000000
 28.920000 48.000000
 28.959999 43.000000
 29.000000 42.000000
 29.040001 28.000000
 29.080000 25.000000
 29.120001 22.000000
 29.160000 17.000000
 29.200001 13.000000
 29.240000 8.000000
 29.280001 2.000000
 29.320000 6.000000
 29.360001 3.000000
 29.400000 1.000000
 29.440001 1.000000
 29.480000 2.000000
 29.520000 3.000000
 29.559999 2.000000
 29.600000 1.000000
 29.639999 2.000000
 29.680000 1.000000
 29.719999 1.000000
 29.760000 0.000000
 29.799999 0.000000
 29.840000 1.000000
 29.879999 0.000000
 29.920000 0.000000
 29.959999 2.000000
 30.000000 0.000000
 30.040001 0.000000
 30.080000 0.000000
 30.120001 0.000000
 30.160000 1.000000
 30.200001 1.000000
 30.240000 4.000000
 30.280001 0.000000
 30.320000 0.000000
 30.360001 1.000000
 30.400000 2.000000
 30.440001 0.000000
 30.480000 1.000000
 30.520000 0.000000
 30.559999 0.000000
 30.600000 1.000000
 30.639999 0.000000
 30.680000 2.000000
 30.719999 2.000000
 30.760000 1.000000
 30.799999 1.000000
 30.840000 0.000000
 30.879999 0.000000
 30.920000 0.000000
 30.959999 0.000000
 31.000000 1.000000
 31.040001 0.000000
 31.080000 1.000000
 31.120001 2.000000
 31.160000 1.000000
 31.200001 1.000000
 31.240000 1.000000
 31.280001 0.000000
 31.320000 1.000000
 31.360001 0.000000
 31.400000 2.000000
 31.440001 1.000000
 31.480000 1.000000
 31.520000 1.000000
 31.559999 0.000000
 31.600000 0.000000
 31.639999 1.000000
 31.680000 1.000000
 31.719999 0.000000
 31.760000 2.000000
 31.799999 1.000000
 31.840000 1.000000
 31.879999 0.000000
 31.920000 1.000000
 31.959999 2.000000
 32.000000 0.000000
 32.040001 0.000000
 32.080002 1.000000
 32.119999 2.000000
 32.160000 0.000000
 32.200001 0.000000
 32.240002 1.000000
 32.279999 0.000000
 32.320000 0.000000
 32.360001 0.000000
 32.400002 0.000000
 32.439999 0.000000
 32.480000 1.000000
 32.520000 0.000000
 32.560001 1.000000
 32.599998 0.000000
 32.639999 1.000000
 32.680000 0.000000
 32.720001 0.000000
 32.759998 0.000000
 32.799999 0.000000
 32.840000 1.000000
 32.880001 0.000000
 32.919998 0.000000
 32.959999 0.000000
 33.000000 0.000000
 33.040001 0.000000
 33.080002 0.000000
 33.119999 1.000000
 33.160000 1.000000
 33.200001 1.000000
 33.240002 1.000000
 33.279999 0.000000
 33.320000 1.000000
 33.360001 1.000000
 33.400002 0.000000
 33.439999 0.000000
 33.480000 1.000000
 33.520000 0.000000
 33.560001 0.000000
 33.599998 0.000000
 33.639999 0.000000
 33.680000 0.000000
 33.720001 0.000000
 33.759998 1.000000
 33.799999 0.000000
 33.840000 0.000000
 33.880001 1.000000
 33.919998 0.000000
 33.959999 0.000000
 34.000000 1.000000
 34.040001 1.000000
 34.080002 0.000000
 34.119999 0.000000
 34.160000 0.000000
 34.200001 1.000000
 34.240002 1.000000
 34.279999 0.000000
 34.320000 0.000000
 34.360001 0.000000
 34.400002 0.000000
 34.439999 0.000000
 34.480000 1.000000
 34.520000 0.000000
 34.560001 0.000000
 34.599998 0.000000
 34.639999 0.000000
 34.680000 0.000000
 34.720001 0.000000
 34.759998 0.000000
 34.799999 0.000000
 34.840000 1.000000
 34.880001 1.000000
 34.919998 0.000000
 34.959999 0.000000
 35.000000 0.000000
 35.040001 0.000000
 35.080002 0.000000
 35.119999 1.000000
 35.160000 0.000000
 35.200001 1.000000
 35.240002 0.000000
 35.279999 0.000000
 35.320000 0.000000
 35.360001 0.000000
 35.400002 2.000000
 35.439999 1.000000
 35.480000 1.000000
 35.520000 1.000000
 35.560001 0.000000
 35.599998 2.000000
 35.639999 0.000000
 35.680000 0.000000
 35.720001 0.000000
 35.759998 1.000000
 35.799999 0.000000
 35.840000 0.000000
 35.880001 1.000000
 35.919998 0.000000
 35.959999 0.000000
 36.000000 0.000000
 36.040001 0.000000
 36.080002 0.000000
 36.119999 0.000000
 36.160000 0.000000
 36.200001 0.000000
 36.240002 0.000000
 36.279999 0.000000
 36.320000 0.000000
 36.360001 0.000000
 36.400002 0.000000
 36.439999 0.000000
 36.480000 0.000000
 36.520000 0.000000
 36.560001 1.000000
 36.599998 0.000000
 36.639999 0.000000
 36.680000 0.000000
 36.720001 1.000000
 36.759998 0.000000
 36.799999 0.000000
 36.840000 0.000000
 36.880001 0.000000
 36.919998 0.000000
 36.959999 0.000000
 37.000000 0.000000
 37.040001 0.000000
 37.080002 0.000000
 37.119999 0.000000
 37.160000 0.000000
 37.200001 0.000000
 37.240002 0.000000
 37.279999 0.000000
 37.320000 0.000000
 37.360001 0.000000
 37.400002 0.000000
 37.439999 0.000000
 37.480000 0.000000
 37.520000 1.000000
 37.560001 0.000000
 37.599998 0.000000
 37.639999 0.000000
 37.680000 0.000000
 37.720001 0.000000
 37.759998 0.000000
 37.799999 0.000000
 37.840000 0.000000
 37.880001 0.000000
 37.919998 0.000000
 37.959999 0.000000
 38.000000 0.000000
 38.040001 0.000000
 38.080002 1.000000
 38.119999 1.000000
 38.160000 0.000000
 38.200001 0.000000
 38.240002 0.000000
 38.279999 0.000000
 38.320000 0.000000
 38.360001 0.000000
 38.400002 0.000000
 38.439999 0.000000
 38.480000 0.000000
 38.520000 0.000000
 38.560001 0.000000
 38.599998 0.000000
 38.639999 0.000000
 38.680000 0.000000
 38.720001 0.000000
 38.759998 0.000000
 38.799999 0.000000
 38.840000 0.000000
 38.880001 0.000000
 38.919998 0.000000
 38.959999 0.000000
 39.000000 0.000000
 39.040001 0.000000
 39.080002 0.000000
 39.119999 0.000000
 39.160000 0.000000
 39.200001 0.000000
 39.240002 0.000000
 39.279999 0.000000
 39.320000 0.000000
 39.360001 0.000000
 39.400002 0.000000
 39.439999 1.000000
 39.480000 1.000000
 39.520000 0.000000
 39.560001 0.000000
 39.599998 0.000000
 39.639999 0.000000
 39.680000 0.000000
 39.720001 0.000000
 39.759998 0.000000
 39.799999 1.000000
 39.840000 0.000000
 39.880001 0.000000
 39.919998 0.000000
 39.959999 0.000000
 40.000000 1.000000
